,0
0,-53.779144233689955
1,-53.771658580036636
2,-53.77152305862606
3,-53.77226861792371
4,-53.772005810451795
5,-53.77264512044285
6,-53.770031916822845
7,-53.771095971520005
8,-53.77072332979869
9,-53.77254507349138
10,-53.77342823517717
11,-53.77191819474244
12,-53.77366726665848
13,-53.77204416637336
14,-53.7680780164808
15,-53.77268815633636
16,-53.77223069426821
17,-53.773359461333555
18,-53.7683266021301
19,-53.76964491734084
20,-53.77217942687702
21,-53.77338757210305
22,-53.77251542029098
23,-53.77188355751397
24,-53.772279796421415
25,-53.77416033709737
26,-53.77181471713487
27,-53.77291428966656
28,-53.771172058508974
29,-53.769684238799414
30,-53.772037907865084
31,-53.774009249993654
32,-53.77228679166922
33,-53.76936814873345
34,-53.77175824006218
35,-53.771260285098556
36,-53.77232138084173
37,-53.773256527491746
38,-53.76941664705326
39,-53.76880084796845
40,-53.77369121615487
41,-53.77419805181209
42,-53.772246008851255
43,-53.77308054297945
44,-53.772114940865094
45,-53.77328664261744
46,-53.77293072496993
47,-53.77217663177348
48,-53.774045215691956
49,-53.77039214481342
50,-53.773724333907154
51,-53.772042212200525
52,-53.7730058437373
53,-53.773976765105374
54,-53.77255978035676
55,-53.770137545062404
56,-53.77345441794592
57,-53.769941013500016
58,-53.771338617367746
59,-53.773143971211944
60,-53.7718418529915
61,-53.772996505122755
62,-53.767389281447834
63,-53.773055012623495
64,-53.77252068682652
65,-53.77350366117574
66,-53.770867327916925
67,-53.770681113404365
68,-53.76909539470827
69,-53.77122544239315
70,-53.772970077092175
71,-53.770783335981804
72,-53.77014737471139
73,-53.772305586655825
74,-53.77016021710596
75,-53.77385317432601
76,-53.773121544401754
77,-53.773486173990634
78,-53.77052097998001
79,-53.771007947303296
80,-53.77101324429834
81,-53.77078281523235
82,-53.77035824723998
83,-53.773562716308916
84,-53.77151028171308
85,-53.774411186839885
86,-53.77522778092622
87,-53.77134042650647
88,-53.77294319052053
89,-53.77300544170273
90,-53.77260865333405
91,-53.7720939049315
92,-53.771112829893156
93,-53.77329051666192
94,-53.771614548112446
95,-53.77188663772963
96,-53.76987466262801
97,-53.77308195259583
98,-53.773321736314514
99,-53.76967950023194
100,-53.77202208884738
101,-53.77151151320268
102,-53.770126708556475
103,-53.77290055088502
104,-53.774367976113346
105,-53.771142558331995
106,-53.774020927969914
107,-53.772442211600314
108,-53.77329010890858
109,-53.774100545158056
110,-53.77227770096756
111,-53.772815723788675
112,-53.77231370210607
113,-53.77009331281533
114,-53.77076581943475
115,-53.77132200531597
116,-53.770268161116064
117,-53.76954202735483
118,-53.775756613982445
119,-53.77179769492514
120,-53.7738524488297
121,-53.7717677740656
122,-53.77194292091054
123,-53.769981297346575
124,-53.77427001527487
125,-53.7721682209445
126,-53.77396996010363
127,-53.77342009700335
128,-53.771183574343794
129,-53.77290488794431
130,-53.76979378228216
131,-53.774148667535776
132,-53.774072531693434
133,-53.76998892664872
134,-53.76771450242925
135,-53.77323863143416
136,-53.76950936619897
137,-53.769200509074395
138,-53.771012597870595
139,-53.77361845199099
140,-53.77445291605964
141,-53.773774418725004
142,-53.772585409571285
143,-53.77161316595055
144,-53.773489877248814
145,-53.77177454575127
146,-53.771934734219144
147,-53.76790661302736
148,-53.77105318263688
149,-53.77453167061409
150,-53.773534356973315
151,-53.77249088036536
152,-53.76907074123618
153,-53.77251154195092
154,-53.772798722923945
155,-53.772671283571015
156,-53.77181017325903
157,-53.77239705854392
158,-53.774596866764654
159,-53.77241355974666
160,-53.77268338048409
161,-53.770433448714314
162,-53.77398467700863
163,-53.7747104395841
164,-53.7714066931645
165,-53.771538049386145
166,-53.77448826470545
167,-53.77066219755574
168,-53.772036177772996
169,-53.77199622348315
170,-53.7692366063934
171,-53.77258768436919
172,-53.770763931953915
173,-53.773204823586624
174,-53.77233505309474
175,-53.77174432375962
176,-53.77244620335359
177,-53.772702449740315
178,-53.773973069570886
179,-53.773673853579275
180,-53.77249287717125
181,-53.771482618971184
182,-53.770376785834216
183,-53.77201084070693
184,-53.77073518490207
185,-53.77244138866794
186,-53.772824703035255
187,-53.76899606290486
188,-53.771930074064414
189,-53.76998276327929
190,-53.77272199366466
191,-53.773434879044714
192,-53.77089417215936
193,-53.769078179378894
194,-53.77068215703518
195,-53.76983470382
196,-53.77239822096222
197,-53.77259973834483
198,-53.771804447515564
