,0
0,-40.62521525298008
1,-40.61370127280174
2,-40.60999436426792
3,-40.611560096064316
4,-40.611679255090934
5,-40.617286974553
6,-40.61041980975595
7,-40.61371175186246
8,-40.61130591887017
9,-40.617572863833445
10,-40.616753770456526
11,-40.61527651423771
12,-40.61321328317301
13,-40.61087696437616
14,-40.61225545767981
15,-40.61220778560926
16,-40.61413443507192
17,-40.609309209369854
18,-40.61104458429607
19,-40.61497840404118
20,-40.608995417432546
21,-40.61271852195999
22,-40.61275699570867
23,-40.61646860151941
24,-40.61327758836931
25,-40.60825162722301
26,-40.612184455213054
27,-40.61672102349476
28,-40.6174529214922
29,-40.60759536622398
30,-40.61107058223547
31,-40.615647435892
32,-40.61507193336719
33,-40.61233762103941
34,-40.61487424342047
35,-40.61194917852055
36,-40.60780612295734
37,-40.61615086907575
38,-40.61361756604889
39,-40.61362512648691
40,-40.61617255052225
41,-40.61313722682882
42,-40.61752824208918
43,-40.61061029321566
44,-40.614395668514895
45,-40.6143700793963
46,-40.61625843835094
47,-40.61370266358693
48,-40.611572087752045
49,-40.61164920682211
50,-40.61133198858021
51,-40.611610316237496
52,-40.61127601632452
53,-40.61725337376075
54,-40.61358915356032
55,-40.60933492076664
56,-40.61419259546039
57,-40.616472554306185
58,-40.61830169634061
59,-40.61176653254555
60,-40.61275984384297
61,-40.61705049237042
62,-40.616101422470734
63,-40.61384754544946
64,-40.61436808409602
65,-40.615774613409364
66,-40.61546220132367
67,-40.61153780978491
68,-40.61307815518135
69,-40.61263265936124
70,-40.610992852509305
71,-40.61168838983284
72,-40.61396776015536
73,-40.609770752282266
74,-40.61207906604459
75,-40.605524359544354
76,-40.613780284134734
77,-40.6180537694074
78,-40.61572202185672
79,-40.617491182097865
80,-40.614729921624
81,-40.61940721246903
82,-40.61019873554947
83,-40.61595830619208
84,-40.619458253609956
85,-40.61878801109602
86,-40.60564760853413
87,-40.613045017571544
88,-40.61111679073569
89,-40.61482084540609
90,-40.61120621636934
91,-40.60881605577524
92,-40.61477629224908
93,-40.612020054897435
94,-40.61550776417719
95,-40.6123844843166
96,-40.61271077007671
97,-40.61024208564089
98,-40.614338163892995
99,-40.609775680645825
100,-40.61300772788306
101,-40.61590007750596
102,-40.60647285713196
103,-40.61564142545356
104,-40.614224884951994
105,-40.61613128024471
106,-40.610442391521985
107,-40.60945205062092
108,-40.61195547463477
109,-40.61049016076699
110,-40.610811081740835
111,-40.61401089762331
112,-40.61176282465146
113,-40.60824582324725
114,-40.613448550808016
115,-40.60937308469142
116,-40.611828098530445
117,-40.616039141558105
118,-40.607480265703245
119,-40.61360520865996
120,-40.613566672221154
121,-40.61028632232997
122,-40.61373656029127
123,-40.61346096008356
124,-40.61241123967356
125,-40.61735389991316
126,-40.615255909147436
127,-40.618450276943776
128,-40.610204382451634
129,-40.613885912218166
130,-40.616742640909095
131,-40.615969236652155
132,-40.613196451872376
133,-40.6134091011047
134,-40.611703306310986
135,-40.614908455859464
136,-40.61430521243036
137,-40.614060577248765
138,-40.61741799827555
139,-40.61062421332132
140,-40.60711185020041
141,-40.60981149396306
142,-40.61315909904678
143,-40.61505912346693
144,-40.61430685696027
145,-40.61720051622134
146,-40.617987816774736
147,-40.61348892532068
148,-40.616339629952876
149,-40.61634156855347
150,-40.616688106629326
151,-40.60978561287534
152,-40.61062949487304
153,-40.61522345763473
154,-40.61337065802791
155,-40.61615651983556
156,-40.614739173365976
157,-40.613173442828966
158,-40.60824522511546
159,-40.612502061867545
160,-40.61084600688705
161,-40.61146560452641
162,-40.61338654928245
163,-40.614476932262896
164,-40.613722251226946
165,-40.61492269604145
166,-40.60685075770413
167,-40.611054756444275
168,-40.615487541090666
169,-40.61468776981334
170,-40.61367176404912
171,-40.61074482333013
172,-40.61197046041401
173,-40.617062622939045
174,-40.61178546876504
175,-40.60955995567096
176,-40.613884888708014
177,-40.61737512906442
178,-40.61434109497033
179,-40.61235315376789
180,-40.6159003447796
181,-40.610602322025215
182,-40.61477410927461
183,-40.61357006854459
184,-40.614615851360654
185,-40.615334336929386
186,-40.61101575209024
187,-40.61673137853694
188,-40.61369569972752
189,-40.611760548475935
190,-40.61599393461186
191,-40.61193895838845
192,-40.61565812421915
193,-40.60824441178517
194,-40.61300810899513
195,-40.61218218659983
196,-40.61300566773865
197,-40.6130979254768
198,-40.61193438604189
199,-40.60827894628554
