,0
0,-86.37404964047559
1,-86.34195597671771
2,-86.33124416353029
3,-86.3370276019179
4,-86.33965115691895
5,-86.35402046797522
6,-86.33612731203898
7,-86.34268209133933
8,-86.33489487036597
9,-86.35187289058831
10,-86.33994658858214
11,-86.33853478102937
12,-86.34861872473618
13,-86.34431782746653
14,-86.32635469441574
15,-86.33799170331113
16,-86.34944829475366
17,-86.35353636615415
18,-86.32647491444048
19,-86.33359356338276
20,-86.34066176822003
21,-86.35178369458846
22,-86.33430066310389
23,-86.34398791645837
24,-86.34624171635568
25,-86.35231485783787
26,-86.34126498079152
27,-86.3373071393892
28,-86.34019016357301
29,-86.34125698125293
30,-86.33515162132474
31,-86.3451995334853
32,-86.33583510591697
33,-86.32719161011185
34,-86.34352059558658
35,-86.3298873243134
36,-86.33787719570404
37,-86.35036743768221
38,-86.32399881616261
39,-86.34144946642655
40,-86.35136977973849
41,-86.34820176033693
42,-86.34135727808082
43,-86.34287193083978
44,-86.33817847414439
45,-86.34703032012347
46,-86.34586104059551
47,-86.34370675524313
48,-86.35467772169196
49,-86.33510921770203
50,-86.34708687494417
51,-86.34048062112066
52,-86.33939748242766
53,-86.33759974562126
54,-86.33963788690511
55,-86.3430562922373
56,-86.3293638480118
57,-86.33361525419939
58,-86.34396583970604
59,-86.33225199314299
60,-86.34946411656931
61,-86.34574670857758
62,-86.33696985528518
63,-86.34782245250615
64,-86.33799127758068
65,-86.32620282095787
66,-86.34976215603119
67,-86.34272529920628
68,-86.34043170012808
69,-86.34931727581349
70,-86.3396449709511
71,-86.34934531870225
72,-86.32655639499806
73,-86.34743471655533
74,-86.34324177259825
75,-86.35061730977203
76,-86.33739705499406
77,-86.33367609605948
78,-86.34067291060681
79,-86.3347631203209
80,-86.342304963674
81,-86.33131671688282
82,-86.3419457942045
83,-86.34183959695584
84,-86.33768972436286
85,-86.35282826530285
86,-86.34841777310736
87,-86.35605069043348
88,-86.33145420169693
89,-86.34378019655128
90,-86.32754984386031
91,-86.33536627615571
92,-86.34080219764334
93,-86.34620750718868
94,-86.3450227105092
95,-86.35200933902453
96,-86.35317738087309
97,-86.33931236256029
98,-86.34930426067768
99,-86.3499817595301
100,-86.34499701784996
101,-86.34733287767361
102,-86.32047715278296
103,-86.34346155380646
104,-86.34970857676569
105,-86.33871355567648
106,-86.34823211645494
107,-86.34846337392048
108,-86.34583629992038
109,-86.34844461233703
110,-86.34376634961232
111,-86.34975042882999
112,-86.33120165264062
113,-86.33773612904018
114,-86.34096620145657
115,-86.340983056143
116,-86.33432430332083
117,-86.33354290884921
118,-86.35602461124833
119,-86.3362880839511
120,-86.34550808318556
121,-86.33533484607835
122,-86.33122886270168
123,-86.33529595534316
124,-86.35337245881853
125,-86.34757142602842
126,-86.35253698815862
127,-86.34780788594337
128,-86.34361979793043
129,-86.34053280065004
130,-86.33631409214767
131,-86.35412302151299
132,-86.35357489279075
133,-86.33525124567059
134,-86.32367180958656
135,-86.34507242784356
136,-86.33744276491318
137,-86.32804526457366
138,-86.32985317434436
139,-86.35060945103548
140,-86.346063004088
141,-86.3493249136246
142,-86.34068251260484
143,-86.34785018654634
144,-86.34790403299522
145,-86.34300500884832
146,-86.34384198077763
147,-86.31974163571225
148,-86.34790237309913
149,-86.35351320419873
150,-86.34339605066502
151,-86.33875314170541
152,-86.32767491398909
153,-86.34138607858922
154,-86.34695300399336
155,-86.34468787842772
156,-86.3516039461517
157,-86.34287212866333
158,-86.35406858673909
159,-86.34395224495091
160,-86.34432462169501
161,-86.33670269646865
162,-86.3496970940349
163,-86.35197236960092
164,-86.33769412444327
165,-86.33331377693543
166,-86.35294271048816
167,-86.32965651018468
168,-86.34304934329283
169,-86.33338816480871
170,-86.32699538500512
171,-86.34254698548744
172,-86.3247019583228
173,-86.34631112727514
174,-86.33827493808869
175,-86.3476390648799
176,-86.33629044478928
177,-86.3430046265948
178,-86.34815933345953
179,-86.34371683630471
180,-86.34627495690985
181,-86.3430949943458
182,-86.33658887041089
183,-86.34558582496138
184,-86.33404322805059
185,-86.33425936522073
186,-86.34434423110574
187,-86.34809632803044
188,-86.33943970361936
189,-86.32132049162506
190,-86.34618348670256
191,-86.34985388742625
192,-86.33726029373486
193,-86.31959394964983
194,-86.34001018742337
195,-86.3372512210994
196,-86.34124377953235
197,-86.34824920026959
198,-86.33281319566537
199,-86.3506292919943
200,-86.35079208072774
201,-86.34106470310842
202,-86.33844236226354
203,-86.35018167916331
204,-86.34455054931614
205,-86.32806731831452
206,-86.35323735078684
207,-86.35074781349601
208,-86.33396483022226
209,-86.34274223343056
210,-86.34966404280628
211,-86.31689154990833
212,-86.34816513824656
213,-86.34188476419149
214,-86.33935248751253
215,-86.33812562188486
216,-86.34580286242344
217,-86.34546644017522
218,-86.32868136255696
219,-86.34936747448208
220,-86.34842626383052
221,-86.35420945952363
222,-86.34845712007733
223,-86.3298927173045
224,-86.34252296993829
225,-86.34660498761552
226,-86.33709963987012
227,-86.32926860341927
228,-86.31432467556498
229,-86.33226385057009
230,-86.33616657937522
231,-86.33608998026361
232,-86.33775163035395
233,-86.34558205664102
234,-86.34397782831863
235,-86.32643249620696
236,-86.32275054198541
237,-86.33759585967016
238,-86.33583604394596
239,-86.33992182237624
240,-86.32437661954478
241,-86.32605322776185
242,-86.3466996463562
243,-86.34515410379241
244,-86.34488727463034
245,-86.33031835382073
246,-86.34463209379368
247,-86.333838167076
248,-86.33911654950022
249,-86.32443686336525
250,-86.32628224651887
251,-86.35497466308759
252,-86.33711301285584
253,-86.3479234394508
254,-86.34282959349233
255,-86.35185374182498
256,-86.33909012900894
257,-86.34676660593479
258,-86.33854084151837
259,-86.33724951297198
260,-86.32793580257889
261,-86.3421130143778
262,-86.35148403385561
263,-86.34612419403426
264,-86.33592011238923
265,-86.33639116879698
266,-86.35616603547089
267,-86.34615184327484
268,-86.3314351562307
269,-86.3355892636942
270,-86.33962018353
271,-86.34946655092646
272,-86.35318238973629
273,-86.33810512631639
274,-86.34565038018013
275,-86.3367050447839
276,-86.3491050314087
277,-86.3340082902325
278,-86.34218962788056
279,-86.34255111900757
280,-86.34350300794166
281,-86.33611294864329
282,-86.34858404794343
283,-86.34750477793419
284,-86.34550160410451
285,-86.33663617676709
286,-86.33498409682252
287,-86.34169543757953
288,-86.34512352471614
289,-86.34397166697873
290,-86.33651830043871
291,-86.32504673507532
292,-86.33416041790048
293,-86.33616633981075
294,-86.35010150605123
295,-86.33173432636136
296,-86.34712358244302
297,-86.34175251547907
