,0
0,-53.779144233688015
1,-53.77165858003702
2,-53.7715230586293
3,-53.77226861792511
4,-53.772005810450736
5,-53.772645120443336
6,-53.7700319168255
7,-53.771095971517056
8,-53.77072332979831
9,-53.77254507348954
10,-53.771013244300704
11,-53.77078281523704
12,-53.7703582472397
13,-53.773562716310174
14,-53.771510281711194
15,-53.77441118683592
16,-53.77522778092574
17,-53.77134042650449
18,-53.772943190519996
19,-53.77300544170109
20,-53.77342823517654
21,-53.77191819474229
22,-53.77366726665877
23,-53.77204416637447
24,-53.76807801648114
25,-53.77268815633514
26,-53.77223069427294
27,-53.77335946133732
28,-53.768326602131935
29,-53.76964491733712
30,-53.77217942688054
31,-53.773387572105605
32,-53.772515420288514
33,-53.771883557514165
34,-53.77227979641707
35,-53.77416033709713
36,-53.7718147171342
37,-53.77291428966341
38,-53.77117205851371
39,-53.76968423880115
40,-53.772037907865716
41,-53.774009249996936
42,-53.77228679167347
43,-53.769368148731026
44,-53.771758240064834
45,-53.77126028509735
46,-53.77232138084202
47,-53.77325652749383
48,-53.76941664705442
49,-53.76880084796966
50,-53.77369121615744
51,-53.77419805181451
52,-53.772246008850196
53,-53.773080542977276
54,-53.77211494086683
55,-53.77328664261855
56,-53.77293072496688
57,-53.77217663177459
58,-53.77404521569287
59,-53.770392144815354
60,-53.77372433390536
61,-53.77204221219825
62,-53.77300584373508
63,-53.77397676510629
64,-53.77255978035584
65,-53.77013754506067
66,-53.77345441794389
67,-53.769941013498226
68,-53.771338617369196
69,-53.77314397121243
70,-53.771841852990434
71,-53.77299650512798
72,-53.767389281444835
73,-53.773055012628475
74,-53.772520686826084
75,-53.77350366117752
76,-53.77086732791639
77,-53.770681113402965
78,-53.769095394707406
79,-53.771225442393344
80,-53.77297007709454
81,-53.770783335983744
82,-53.7701473747097
83,-53.7723055866564
84,-53.77016021711186
85,-53.773853174329005
86,-53.773121544403786
87,-53.77348617399605
88,-53.77052097997982
89,-53.77100794730552
90,-53.77260865333502
91,-53.772093904928845
92,-53.77111282989059
93,-53.7732905166612
94,-53.77161454811124
95,-53.77188663773016
96,-53.76987466262656
97,-53.773081952594474
98,-53.773321736316404
99,-53.76967950023199
100,-53.77202208884583
101,-53.771511513196785
102,-53.77012670855716
103,-53.772900550882845
104,-53.77436797611436
105,-53.77114255832774
106,-53.7740209279705
107,-53.77244221160292
108,-53.77329010891042
109,-53.769982763276
110,-53.77272199366239
111,-53.77343487904419
112,-53.77089417215597
113,-53.769078179380294
114,-53.770682157031075
115,-53.769834703815896
116,-53.772398220960774
117,-53.772599738348646
118,-53.77180444751295
119,-53.77410054515733
120,-53.77227770097428
121,-53.77281572378423
122,-53.77231370210433
123,-53.7700933128145
124,-53.77076581943814
125,-53.77132200531825
126,-53.770268161117514
127,-53.76954202735299
128,-53.77575661398013
129,-53.77179769492543
130,-53.77385244883047
131,-53.77176777406556
132,-53.77194292090889
133,-53.769981297343385
134,-53.77427001527284
135,-53.772168220945034
136,-53.77396996010396
137,-53.77342009700195
138,-53.771183574345386
139,-53.77290488794184
140,-53.76979378228288
141,-53.77414866753641
142,-53.774072531691594
143,-53.76998892664428
144,-53.7677145024291
145,-53.77323863143199
146,-53.769509366198726
147,-53.76920050907444
148,-53.77101259787147
149,-53.77361845199263
150,-53.77445291605785
151,-53.77377441872476
152,-53.772585409574575
153,-53.77161316594798
154,-53.77348987725114
155,-53.77177454574905
156,-53.77193473421968
157,-53.76790661302953
158,-53.77105318263577
159,-53.77453167061593
160,-53.77353435696906
161,-53.77249088036169
162,-53.769070741248456
163,-53.772511541953094
164,-53.77279872291036
165,-53.77267128358165
166,-53.77181017326719
167,-53.77239705854179
168,-53.77459686676509
169,-53.77241355975048
170,-53.77268338048694
171,-53.77043344871349
172,-53.77398467700761
173,-53.774710439585455
174,-53.771406693165275
175,-53.77153804938368
176,-53.774488264705596
177,-53.77066219755937
178,-53.77203617777053
179,-53.771996223485374
180,-53.769236606391416
181,-53.77258768436953
182,-53.770763931955656
183,-53.77320482358537
184,-53.772335053093734
185,-53.771744323755904
186,-53.772446203357454
187,-53.772702449748486
188,-53.773973069572676
189,-53.77367385357696
190,-53.7724928771714
191,-53.7714826189736
192,-53.77037678583794
193,-53.77201084071201
194,-53.77073518489956
195,-53.7724413886677
196,-53.772824703033855
197,-53.76899606290428
198,-53.77193007406228
