,0
0,-54.12512744506823
1,-54.11916196964896
2,-54.11908508471037
3,-54.119661931158014
4,-54.119243343505325
5,-54.11994458934386
6,-54.11785917802648
7,-54.11888153966644
8,-54.11843621334581
9,-54.11991157964585
10,-54.1185060553871
11,-54.11830619807363
12,-54.11816847199546
13,-54.12070650776658
14,-54.11907791093435
15,-54.1213851131012
16,-54.122081175976376
17,-54.118952858664315
18,-54.12014332598186
19,-54.12025973757502
20,-54.12054548564811
21,-54.11937452729938
22,-54.120804139444026
23,-54.11925208942973
24,-54.11594145262529
25,-54.11993208644968
26,-54.11979882734651
27,-54.12062016343544
28,-54.11649345676612
29,-54.117723445648636
30,-54.1195769382145
31,-54.12069710745379
32,-54.11979039005981
33,-54.11939679881464
34,-54.1197167043664
35,-54.12093787646521
36,-54.11943601341538
37,-54.11997503025278
38,-54.1187873310885
39,-54.11779120009313
40,-54.11953933935026
41,-54.121010528289304
42,-54.11969279033949
43,-54.11752941157187
44,-54.119350316475824
45,-54.11894802538139
46,-54.11957046275782
47,-54.12036738747331
48,-54.11765509650854
49,-54.11717816517256
50,-54.12081961254512
51,-54.12127965671372
52,-54.11949135588035
53,-54.120206256042685
54,-54.11938708297321
55,-54.12031594781931
56,-54.12017328640388
57,-54.1195667864736
58,-54.121073657465764
59,-54.11823889558944
60,-54.12086441850905
61,-54.11954855531436
62,-54.120285696537294
63,-54.1208465249969
64,-54.11968096577773
65,-54.11807513645959
66,-54.120675375084325
67,-54.117877761933094
68,-54.11901169304404
69,-54.120326645117345
70,-54.11956872385653
71,-54.12015617649092
72,-54.115626292755465
73,-54.12009770542884
74,-54.11996015198562
75,-54.12055708972584
76,-54.118311425701606
77,-54.11822988466986
78,-54.117181093697404
79,-54.1187067347939
80,-54.12016648694588
81,-54.118340370686994
82,-54.11809783503771
83,-54.11953759349359
84,-54.11812552345436
85,-54.12089036512534
86,-54.12033217965149
87,-54.120550309596595
88,-54.118327055068136
89,-54.11858846017052
90,-54.11980054456541
91,-54.11954087298512
92,-54.11881561801222
93,-54.12052338997429
94,-54.119108752333275
95,-54.11947162873783
96,-54.11774942801256
97,-54.12038645647721
98,-54.12059797088768
99,-54.11750939101735
100,-54.11952233103189
101,-54.11908119223639
102,-54.11785169600027
103,-54.12023340754179
104,-54.121325605312336
105,-54.11861507775521
106,-54.12100090728368
107,-54.11969042746379
108,-54.12026040241785
109,-54.117893737586265
110,-54.12009454477667
111,-54.12037811918032
112,-54.118588630473646
113,-54.11726514039554
114,-54.11844914589154
115,-54.11774724589616
116,-54.11993048798477
117,-54.119932203444485
118,-54.119370891454146
119,-54.12114831656475
120,-54.1196081345526
121,-54.120226440972694
122,-54.11969074846367
123,-54.11797823897531
124,-54.11867879151765
125,-54.11870759057513
126,-54.1181738630345
127,-54.11731300739539
128,-54.12239034382233
129,-54.119182840570254
130,-54.12089846421153
131,-54.119131031195685
132,-54.119359333664924
133,-54.117926915135534
134,-54.121172928633534
135,-54.1195073398649
136,-54.1209036521015
137,-54.12047855350509
138,-54.11884272884955
139,-54.120197639880715
140,-54.11775885819014
141,-54.12122041395213
142,-54.121132948457706
143,-54.117917240913485
144,-54.115642895707865
145,-54.120424457578274
146,-54.11748721593061
147,-54.11730169747622
148,-54.11880796946034
149,-54.12065695801631
150,-54.121372966059376
151,-54.12081058395078
152,-54.11991825817025
153,-54.11935247071653
154,-54.120493765714
155,-54.11944204408132
156,-54.1194378777043
157,-54.116074182539975
158,-54.11893635619621
159,-54.12144766145969
160,-54.12057410259665
161,-54.11986212842237
162,-54.117149587606555
163,-54.11990288204224
164,-54.12007642797225
165,-54.12005661111688
166,-54.119233844930115
167,-54.11982665776542
168,-54.12141515101393
169,-54.11990263703075
170,-54.120055669580516
171,-54.11834427642942
172,-54.12114045843713
173,-54.12160041341826
174,-54.11870549581843
175,-54.11899265595907
176,-54.121504559030924
177,-54.1184400975
178,-54.11930962272879
179,-54.11933592843578
180,-54.11724923555879
181,-54.119881179446416
182,-54.118455520951656
183,-54.120463763616186
184,-54.11969882344181
185,-54.11945766975238
186,-54.1196994711108
187,-54.119870733172725
188,-54.12091372186721
189,-54.12081882136541
190,-54.11970351949871
191,-54.118962359256585
192,-54.118305079498754
193,-54.11946755412862
194,-54.11848240418688
195,-54.119736230343015
196,-54.119975682777806
197,-54.11734870306638
198,-54.119531407165226
