,0
0,-60.30348766
1,-60.29682672
2,-60.29658902
3,-60.29837479
4,-60.29682351
5,-60.29833107
6,-60.29640852
7,-60.29626918
8,-60.29565535
9,-60.29632716
10,-60.29822264
11,-60.29859888
12,-60.29722781
13,-60.29683915
14,-60.29807157
15,-60.29658046
16,-60.29754274
17,-60.29764337
18,-60.2981424
19,-60.29845562
20,-60.29503288
21,-60.29862831
22,-60.29635733
23,-60.29875615
24,-60.29712957
25,-60.29307626
26,-60.29941515
27,-60.29875005
28,-60.2993051
29,-60.29472173
30,-60.29589844
31,-60.29924329
32,-60.2959729
33,-60.29756807
34,-60.30015589
35,-60.29928009
36,-60.2960352
37,-60.29883234
38,-60.29729065
39,-60.29606115
40,-60.29841306
41,-60.29764393
42,-60.29707966
43,-60.29687863
44,-60.29582199
45,-60.29815297
46,-60.29895776
47,-60.29750675
48,-60.29758712
49,-60.29740769
50,-60.29826772
51,-60.29803248
52,-60.29352799
53,-60.29734685
54,-60.29774903
55,-60.29849926
56,-60.29469453
57,-60.2948316
58,-60.29449154
59,-60.29731006
60,-60.29779389
61,-60.30018835
62,-60.29780161
63,-60.29593254
64,-60.29871427
65,-60.29558682
66,-60.29832542
67,-60.29922612
68,-60.29814988
69,-60.2955135
70,-60.29864882
71,-60.2953628
72,-60.29457192
73,-60.29667071
74,-60.29817288
75,-60.2988528
76,-60.29822478
77,-60.29802047
78,-60.29716255
79,-60.29643344
80,-60.29788842
81,-60.29995674
82,-60.29669162
83,-60.29807496
84,-60.29694821
85,-60.29855366
86,-60.29771196
87,-60.29721202
88,-60.29861701
89,-60.29637936
90,-60.29683226
91,-60.29482944
92,-60.29668919
93,-60.29872028
94,-60.29815018
95,-60.29881362
96,-60.29991701
97,-60.29684728
98,-60.2969962
99,-60.29875331
100,-60.29599837
101,-60.29606011
102,-60.29863679
103,-60.29956033
104,-60.29701535
105,-60.29627713
106,-60.29717746
107,-60.29841466
108,-60.29949647
109,-60.29581462
110,-60.29712582
111,-60.30028118
112,-60.29886602
113,-60.29810966
114,-60.29805384
115,-60.29827682
116,-60.29973736
117,-60.29630954
118,-60.29815768
119,-60.29705188
120,-60.29440706
121,-60.29713579
122,-60.29612996
123,-60.29621627
124,-60.29920679
125,-60.29374249
126,-60.29750051
127,-60.29885446
128,-60.29843951
129,-60.30024903
130,-60.29641177
131,-60.29969874
132,-60.29595555
133,-60.29868668
134,-60.29879773
135,-60.29883284
136,-60.29443534
137,-60.29930536
138,-60.29652193
139,-60.29883844
140,-60.29633418
141,-60.29704595
142,-60.29783618
143,-60.29805839
144,-60.29681889
145,-60.29721988
146,-60.29632511
147,-60.29494376
148,-60.29816321
149,-60.2955963
150,-60.29968575
151,-60.29556174
152,-60.29619179
153,-60.29791294
154,-60.29753738
155,-60.29800215
156,-60.29883584
157,-60.2972315
158,-60.29573927
159,-60.2951668
160,-60.2961482
161,-60.29431647
162,-60.29869587
163,-60.29967679
164,-60.2974019
165,-60.29759673
166,-60.29428326
167,-60.29848351
168,-60.29762006
169,-60.29781374
170,-60.29720049
171,-60.29780258
172,-60.2962518
173,-60.30027547
174,-60.29446606
175,-60.2966247
176,-60.29856714
177,-60.29977245
178,-60.29871826
179,-60.29488439
180,-60.29835653
181,-60.29710569
182,-60.29829547
183,-60.29818609
184,-60.29760201
185,-60.29751406
186,-60.29675693
187,-60.29879518
188,-60.29608091
189,-60.29639984
190,-60.29818125
191,-60.29753229
192,-60.29919999
193,-60.29620169
194,-60.29769603
195,-60.29531683
196,-60.294395
197,-60.29664624
198,-60.2972399
199,-60.29575585
200,-60.29785987
201,-60.29891598
202,-60.29748771
203,-60.29728171
204,-60.30008437
205,-60.2960443
206,-60.29807124
207,-60.29643606
208,-60.29929286
209,-60.2973801
210,-60.29663384
211,-60.29891309
212,-60.29923994
213,-60.30036598
214,-60.29781529
215,-60.29738647
216,-60.29736804
217,-60.29863709
218,-60.29882662
219,-60.29708163
220,-60.2996898
221,-60.29700653
222,-60.29883413
223,-60.29605933
224,-60.29609938
225,-60.29745262
226,-60.29856281
227,-60.29794509
228,-60.29908108
229,-60.29429251
230,-60.29923873
231,-60.29684104
232,-60.29420886
233,-60.29774584
234,-60.29403028
235,-60.29492584
236,-60.29805206
237,-60.29849544
238,-60.29663959
239,-60.29787618
240,-60.29949858
241,-60.29715049
242,-60.29309225
243,-60.29865822
244,-60.29858391
245,-60.29690904
246,-60.29840522
247,-60.29797481
248,-60.29866964
249,-60.29868676
250,-60.29727204
251,-60.29515025
252,-60.29556977
253,-60.2965982
254,-60.29720097
255,-60.29749028
256,-60.29364255
257,-60.29478655
258,-60.29936719
259,-60.29765926
260,-60.29483414
261,-60.29810913
262,-60.29480128
263,-60.29447944
264,-60.29782758
265,-60.29744214
266,-60.2964356
267,-60.29670893
268,-60.29694258
269,-60.29973577
270,-60.29529908
271,-60.29735977
272,-60.29798608
273,-60.30049228
274,-60.29837014
275,-60.29523535
276,-60.29507359
277,-60.29914913
278,-60.29722707
279,-60.29657957
280,-60.29862522
281,-60.29844902
282,-60.29572324
283,-60.300169
284,-60.2965188
285,-60.29559416
286,-60.29587918
287,-60.29717051
288,-60.2975787
289,-60.29757314
290,-60.2980735
291,-60.29727754
292,-60.2976505
293,-60.29716083
294,-60.2967983
295,-60.296378
296,-60.29660745
297,-60.2979121
298,-60.29781564
299,-60.2960654
300,-60.12073264
301,-60.16979626
302,-60.17084643
303,-60.16993673
304,-60.16900517
305,-60.17002923
306,-60.16642946
307,-60.16832766
308,-60.17179612
309,-60.17081957
310,-60.16980168
311,-60.16938039
312,-60.16796238
313,-60.17026098
314,-60.16854396
315,-60.17087247
316,-60.17073073
317,-60.16816356
318,-60.16892304
319,-60.16915183
320,-60.17112202
321,-60.17179889
322,-60.16995302
323,-60.16869666
324,-60.16887737
325,-60.16940514
326,-60.17080946
327,-60.17047885
328,-60.16917653
329,-60.17056857
330,-60.17104623
331,-60.16967122
332,-60.16956937
333,-60.17156088
334,-60.17034395
335,-60.17173103
336,-60.16779634
337,-60.17024235
338,-60.17187758
339,-60.16964692
340,-60.16698374
341,-60.17180165
342,-60.17117826
343,-60.1704727
344,-60.16899566
345,-60.17120723
346,-60.17226338
347,-60.17013212
348,-60.17167184
349,-60.16818722
350,-60.16895246
351,-60.1712677
352,-60.1683217
353,-60.1706687
354,-60.16776394
355,-60.16817882
356,-60.1672073
357,-60.16998544
358,-60.16872568
359,-60.16689436
360,-60.16845303
361,-60.17003349
362,-60.16967299
363,-60.17156104
364,-60.17101407
365,-60.16984508
366,-60.16904169
367,-60.16941654
368,-60.16723346
369,-60.17171994
370,-60.17077682
371,-60.17232978
372,-60.17107735
373,-60.17050663
374,-60.17123091
375,-60.16962888
376,-60.17071937
377,-60.16869824
378,-60.16800566
379,-60.16832738
380,-60.17015059
381,-60.16686025
382,-60.16973759
383,-60.16939798
384,-60.17170027
385,-60.16795607
386,-60.16869002
387,-60.16892319
388,-60.16810652
389,-60.17093672
390,-60.16797306
391,-60.17040003
392,-60.16853087
393,-60.17157432
394,-60.16793028
395,-60.17075971
396,-60.17077916
397,-60.17035565
398,-60.16439709
399,-60.17053031
400,-60.16898043
401,-60.16820958
402,-60.16742145
403,-60.17121882
404,-60.17137762
405,-60.17148375
406,-60.17032291
407,-60.16962356
408,-60.17186362
409,-60.16967336
410,-60.17275353
411,-60.16867401
412,-60.17098695
413,-60.1715071
414,-60.16884998
415,-60.17145315
416,-60.16704867
417,-60.17080542
418,-60.17042796
419,-60.16888324
420,-60.17108612
421,-60.16857207
422,-60.1685519
423,-60.17012514
424,-60.17029596
425,-60.16992282
426,-60.16923206
427,-60.16803373
428,-60.16991011
429,-60.16903468
430,-60.16891742
431,-60.17041533
432,-60.16921975
433,-60.16874281
434,-60.17135184
435,-60.1710799
436,-60.16812677
437,-60.16995545
438,-60.1696971
439,-60.16973326
440,-60.16957059
441,-60.1706845
442,-60.16871455
443,-60.16937569
444,-60.16930142
445,-60.16831147
446,-60.16774117
447,-60.16888749
448,-60.16949075
449,-60.16780015
450,-60.16497745
451,-60.16982858
452,-60.17141219
453,-60.1686564
454,-60.17046521
455,-60.17124808
456,-60.16960396
457,-60.16923489
458,-60.16597349
459,-60.17046314
460,-60.16883796
461,-60.16911487
462,-60.17102848
463,-60.1666078
464,-60.1702677
465,-60.16941032
466,-60.16988845
467,-60.16871051
468,-60.16937835
469,-60.16909641
470,-60.17096443
471,-60.17014362
472,-60.17129909
473,-60.17095131
474,-60.16944304
475,-60.16752952
476,-60.16744002
477,-60.16931531
478,-60.16812226
479,-60.16871092
480,-60.1711128
481,-60.16831395
482,-60.16979882
483,-60.16869092
484,-60.17032504
485,-60.17027849
486,-60.17287478
487,-60.16874042
488,-60.16779558
489,-60.16995147
490,-60.17047398
491,-60.16951892
492,-60.17117765
493,-60.17230418
494,-60.16920694
495,-60.16712289
496,-60.16962028
497,-60.16905611
498,-60.1702847
499,-60.17042626
