,0
0,-66.29465091
1,-66.27227431
2,-66.26495962
3,-66.26855789
4,-66.27023743
5,-66.27970224
6,-66.26737177
7,-66.27263638
8,-66.26838841
9,-66.27958487
10,-66.27785158
11,-66.27565565
12,-66.27196799
13,-66.26879804
14,-66.26946965
15,-66.27056718
16,-66.27248495
17,-66.26448337
18,-66.26721073
19,-66.2745279
20,-66.26477171
21,-66.27067843
22,-66.27059409
23,-66.27744897
24,-66.2726018
25,-66.26110378
26,-66.27006581
27,-66.27778368
28,-66.28005787
29,-66.26119618
30,-66.26684955
31,-66.27714684
32,-66.27501226
33,-66.26893788
34,-66.27585716
35,-66.26959075
36,-66.26148459
37,-66.27735464
38,-66.27230121
39,-66.27124786
40,-66.27739307
41,-66.27147931
42,-66.27946647
43,-66.26654451
44,-66.27351257
45,-66.27494292
46,-66.27878512
47,-66.27198484
48,-66.2689145
49,-66.26986383
50,-66.27110215
51,-66.27697415
52,-66.25952941
53,-66.27584404
54,-66.27309337
55,-66.27771084
56,-66.2675817
57,-66.26564994
58,-66.27021118
59,-66.26684914
60,-66.26747339
61,-66.27374168
62,-66.26883176
63,-66.26278482
64,-66.27320321
65,-66.26452634
66,-66.26933462
67,-66.27749259
68,-66.26100244
69,-66.27160468
70,-66.27221149
71,-66.26509428
72,-66.27187831
73,-66.27186742
74,-66.26952202
75,-66.27958386
76,-66.27649333
77,-66.28135539
78,-66.26441151
79,-66.27308015
80,-66.27851977
81,-66.27689325
82,-66.27151343
83,-66.27172423
84,-66.269298
85,-66.27536708
86,-66.27454041
87,-66.27365113
88,-66.28043338
89,-66.26716799
90,-66.26081505
91,-66.26683307
92,-66.27105927
93,-66.27516717
94,-66.27400432
95,-66.27892761
96,-66.28040186
97,-66.27118033
98,-66.2777087
99,-66.27761273
100,-66.27831635
101,-66.26667772
102,-66.267888
103,-66.27641325
104,-66.27123286
105,-66.27716552
106,-66.27446893
107,-66.27124636
108,-66.26177727
109,-66.2710897
110,-66.26776415
111,-66.2690576
112,-66.27172569
113,-66.27420673
114,-66.27191534
115,-66.27444106
116,-66.26005155
117,-66.26687294
118,-66.27558272
119,-66.27523705
120,-66.27242754
121,-66.26743371
122,-66.27017398
123,-66.27937322
124,-66.26961802
125,-66.26445102
126,-66.27289446
127,-66.27845118
128,-66.27455766
129,-66.2711172
130,-66.27669899
131,-66.26852401
132,-66.27373627
133,-66.27323106
134,-66.27475611
135,-66.27527742
136,-66.26857285
137,-66.27780301
138,-66.27230427
139,-66.26999114
140,-66.27655261
141,-66.26774276
142,-66.27659788
143,-66.26143094
144,-66.27120546
145,-66.26925202
146,-66.27168177
147,-66.27138963
148,-66.26998699
149,-66.2637775
150,-66.27422077
151,-66.27865455
152,-66.27574665
153,-66.26987917
154,-66.27822203
155,-66.27245458
156,-66.27572885
157,-66.27326623
158,-66.27522102
159,-66.27143384
160,-66.27035105
161,-66.28055511
162,-66.27942648
163,-66.28246684
164,-66.2755631
165,-66.26762394
166,-66.27107096
167,-66.27162178
168,-66.27668584
169,-66.27378039
170,-66.28016027
171,-66.27036311
172,-66.27880536
173,-66.27326513
174,-66.26507348
175,-66.27138646
176,-66.27180494
177,-66.26721618
178,-66.27500103
179,-66.25758973
180,-66.27629483
181,-66.2747947
182,-66.26297125
183,-66.27659445
184,-66.27274592
185,-66.271262
186,-66.26972065
187,-66.27319399
188,-66.26385992
189,-66.27718419
190,-66.27642777
191,-66.2681631
192,-66.25610178
193,-66.26850607
194,-66.27547453
195,-66.2702097
196,-66.2718923
197,-66.27123635
198,-66.27939004
199,-66.27736516
200,-66.26428055
201,-66.27053855
202,-66.26409432
203,-66.26481097
204,-66.27448356
205,-66.28107412
206,-66.25751853
207,-66.26324186
208,-66.27627375
209,-66.27382008
210,-66.27289971
211,-66.27377238
212,-66.26876635
213,-66.26097121
214,-66.26797569
215,-66.2741358
216,-66.26837669
217,-66.26863049
218,-66.27689766
219,-66.28364649
220,-66.272001
221,-66.27224754
222,-66.27234972
223,-66.28035785
224,-66.26970252
225,-66.26822138
226,-66.26734649
227,-66.27823383
228,-66.27990295
229,-66.27072708
230,-66.2762909
231,-66.27775788
232,-66.26544019
233,-66.27598247
234,-66.27387099
235,-66.27551705
236,-66.26742171
237,-66.27304821
238,-66.27925986
239,-66.27798564
240,-66.26468753
241,-66.26283736
242,-66.27459168
243,-66.25978006
244,-66.27283049
245,-66.25595559
246,-66.26898357
247,-66.27328682
248,-66.26884208
249,-66.26517887
