,0
0,-62.34814032634414
1,-62.34038338620503
2,-62.340083047991996
3,-62.342036323405054
4,-62.340598012556455
5,-62.34204205845791
6,-62.33978418193729
7,-62.33959436065839
8,-62.33902102525299
9,-62.339851614577476
10,-62.34251055671046
11,-62.33986510321136
12,-62.342609143625
13,-62.34094990340487
14,-62.336461617448464
15,-62.34322860360755
16,-62.342288775225974
17,-62.3430432706034
18,-62.33782018545138
19,-62.33904590218431
20,-62.341279802216214
21,-62.34060478609875
22,-62.34058089134256
23,-62.33923537085868
24,-62.34178030421687
25,-62.34307988093628
26,-62.34097989791304
27,-62.341506750010794
28,-62.34096480100292
29,-62.34079381749092
30,-62.34135158767282
31,-62.34420252751399
32,-62.34140303403993
33,-62.33900455751994
34,-62.3422659622355
35,-62.33887791265269
36,-62.34210447188843
37,-62.34313554340655
38,-62.34129223777362
39,-62.338431573997354
40,-62.341668789286466
41,-62.34384733825891
42,-62.34042412469964
43,-62.34190418136696
44,-62.340670316403184
45,-62.34251167743615
46,-62.341449709408444
47,-62.34085026780959
48,-62.34246534172386
49,-62.33968447313722
50,-62.34246019226235
51,-62.340799428186834
52,-62.340244655440834
53,-62.3418314301508
54,-62.3401914145101
55,-62.341050228111996
56,-62.34107146611751
57,-62.34181767416086
58,-62.34219062263772
59,-62.33843156156858
60,-62.343028626418864
61,-62.33942273857068
62,-62.34124653034278
63,-62.344234808202735
64,-62.343220601673146
65,-62.3392932495845
66,-62.34260628212495
67,-62.34063935663919
68,-62.33942134020956
69,-62.34218387581005
70,-62.34170128947963
71,-62.34181768080359
72,-62.33661192994109
73,-62.34120074335878
74,-62.34129921471108
75,-62.34242072416564
76,-62.338262302995055
77,-62.33831079881647
78,-62.33761259357363
79,-62.34099599497535
80,-62.342470132859695
81,-62.338857569021535
82,-62.3377049587471
83,-62.34040881284106
84,-62.34154749065403
85,-62.342748985552156
86,-62.341972297430715
87,-62.34188428372255
88,-62.34061458000997
89,-62.33998046661793
90,-62.34053415627401
91,-62.33834583033179
92,-62.34003535353448
93,-62.342556412805585
94,-62.34171524849945
95,-62.342712823829864
96,-62.34392230937534
97,-62.34031457515734
98,-62.34068984134762
99,-62.342499819081034
100,-62.34225081367943
101,-62.339673413021394
102,-62.34016062523576
103,-62.34257619287175
104,-62.34377905099146
105,-62.34096806826413
106,-62.34225957648065
107,-62.34200823536422
108,-62.34180476182894
109,-62.343489592453125
110,-62.340549637720464
111,-62.342021193209604
112,-62.339685679508136
113,-62.33947298675775
114,-62.340000560790045
115,-62.34067610349
116,-62.338094155107704
117,-62.33852317647735
118,-62.34492541172788
119,-62.34043419379163
120,-62.344092780403386
121,-62.341243234202885
122,-62.34045510917096
123,-62.34056620411279
124,-62.34350080564887
125,-62.34105748255664
126,-62.34242590927313
127,-62.341968870629216
128,-62.34101881992109
129,-62.342117253397014
130,-62.33831802473854
131,-62.34375763013788
132,-62.343388463530744
133,-62.33978179110494
134,-62.33585140693615
135,-62.342243237852024
136,-62.33841035732137
137,-62.33892030799707
138,-62.340978103345016
139,-62.34406693055446
140,-62.34436780643002
141,-62.341419038085846
142,-62.341684852844814
143,-62.34038849353063
144,-62.34134611229467
145,-62.34141405312961
146,-62.34109651719519
147,-62.33648472338419
148,-62.34026949618534
149,-62.34313154867305
150,-62.34157554809616
151,-62.34109892508185
152,-62.3374013066221
153,-62.34122599177063
154,-62.339786198712176
155,-62.34235837136613
156,-62.34058524104709
157,-62.341829733372364
158,-62.34397658648601
159,-62.34232915862285
160,-62.34152783477445
161,-62.340066760099226
162,-62.34346254929721
163,-62.34378754223781
164,-62.33937980714358
165,-62.34014034071589
166,-62.34212994152493
167,-62.33909382690368
168,-62.340728802285575
169,-62.33996060307358
170,-62.33578918447264
171,-62.34162024690054
172,-62.3399704845276
173,-62.342734907606754
174,-62.341929987331376
175,-62.34100861999048
176,-62.34033559965785
177,-62.34186359292256
178,-62.343568571894586
179,-62.34207822437432
180,-62.33984157756679
181,-62.34169903731317
182,-62.340081512682254
183,-62.34180429498583
184,-62.34031757364656
185,-62.3411161878318
186,-62.341725807668766
187,-62.34043828591091
188,-62.34083411646376
189,-62.33808197597457
190,-62.34106995344148
191,-62.342393761475535
192,-62.34051861998425
193,-62.33810445770314
194,-62.34134327621193
195,-62.338967210614015
196,-62.342204499818955
197,-62.341158031089385
198,-62.34287392701057
