,0
0,-60.30348766
1,-60.29682672
2,-60.29658902
3,-60.29837479
4,-60.29682351
5,-60.29833107
6,-60.29640852
7,-60.29626918
8,-60.29565535
9,-60.29632716
10,-60.29822264
11,-60.29859888
12,-60.29722781
13,-60.29683915
14,-60.29807157
15,-60.29658046
16,-60.29754274
17,-60.29764337
18,-60.2981424
19,-60.29845562
20,-60.29503288
21,-60.29862831
22,-60.29635733
23,-60.29875615
24,-60.29712957
25,-60.29307626
26,-60.29826772
27,-60.29803248
28,-60.29352799
29,-60.29734685
30,-60.29774903
31,-60.29849926
32,-60.29469453
33,-60.2948316
34,-60.29449154
35,-60.29731006
36,-60.29779389
37,-60.30018835
38,-60.29780161
39,-60.29593254
40,-60.29871427
41,-60.29558682
42,-60.29832542
43,-60.29922612
44,-60.29814988
45,-60.2955135
46,-60.29864882
47,-60.2953628
48,-60.29457192
49,-60.29667071
50,-60.29817288
51,-60.29599837
52,-60.29606011
53,-60.29863679
54,-60.29956033
55,-60.29701535
56,-60.29627713
57,-60.29717746
58,-60.29841466
59,-60.29949647
60,-60.29581462
61,-60.29712582
62,-60.30028118
63,-60.29886602
64,-60.29810966
65,-60.29805384
66,-60.29827682
67,-60.29973736
68,-60.29630954
69,-60.29815768
70,-60.29705188
71,-60.29440706
72,-60.29713579
73,-60.29612996
74,-60.29621627
75,-60.29920679
76,-60.29968575
77,-60.29556174
78,-60.29619179
79,-60.29791294
80,-60.29753738
81,-60.29800215
82,-60.29883584
83,-60.2972315
84,-60.29573927
85,-60.2951668
86,-60.2961482
87,-60.29431647
88,-60.29869587
89,-60.29967679
90,-60.2974019
91,-60.29759673
92,-60.29428326
93,-60.29848351
94,-60.29762006
95,-60.29781374
96,-60.29720049
97,-60.29780258
98,-60.2962518
99,-60.30027547
100,-60.29446606
101,-60.29785987
102,-60.29891598
103,-60.29748771
104,-60.29728171
105,-60.30008437
106,-60.2960443
107,-60.29807124
108,-60.29643606
109,-60.29929286
110,-60.2973801
111,-60.29663384
112,-60.29891309
113,-60.29923994
114,-60.30036598
115,-60.29781529
116,-60.29738647
117,-60.29736804
118,-60.29863709
119,-60.29882662
120,-60.29708163
121,-60.2996898
122,-60.29700653
123,-60.29883413
124,-60.29605933
125,-60.29609938
126,-60.29727204
127,-60.29515025
128,-60.29556977
129,-60.2965982
130,-60.29720097
131,-60.29749028
132,-60.29364255
133,-60.29478655
134,-60.29936719
135,-60.29765926
136,-60.29483414
137,-60.29810913
138,-60.29480128
139,-60.29447944
140,-60.29782758
141,-60.29744214
142,-60.2964356
143,-60.29670893
144,-60.29694258
145,-60.29973577
146,-60.29529908
147,-60.29735977
148,-60.29798608
149,-60.30049228
150,-60.29837014
