,0
0,-66.16260929464842
1,-66.13973008242854
2,-66.13232090322624
3,-66.13581292263798
4,-66.13760872668021
5,-66.14742449420245
6,-66.13480397801376
7,-66.14012662638703
8,-66.13582621586413
9,-66.14726029937076
10,-66.14545832988857
11,-66.14313558015331
12,-66.1394800354913
13,-66.13620561350766
14,-66.13694959648956
15,-66.13810497786272
16,-66.14006921325847
17,-66.13187055149477
18,-66.1344416548117
19,-66.14190923288973
20,-66.1321472163978
21,-66.13804613995103
22,-66.13789689858928
23,-66.14511387656931
24,-66.14020353565704
25,-66.12838933842664
26,-66.13746057153045
27,-66.14531981495432
28,-66.14771973040364
29,-66.12833998649329
30,-66.13424574242502
31,-66.14475209343288
32,-66.14245161064979
33,-66.13636900075416
34,-66.1434185015398
35,-66.13695224904488
36,-66.12878303479872
37,-66.14491859676005
38,-66.13971730659823
39,-66.13882445339725
40,-66.1449939520521
41,-66.13895851641685
42,-66.14715357388161
43,-66.13397001724738
44,-66.14102469797649
45,-66.1425358872771
46,-66.14640768806518
47,-66.13954035179368
48,-66.13632616848446
49,-66.13738432401612
50,-66.13649218324855
51,-66.1364184837891
52,-66.1352153643687
53,-66.1470248381562
54,-66.13951312659246
55,-66.13005919429443
56,-66.14191652884432
57,-66.145950702164
58,-66.14891474510175
59,-66.13811493015068
60,-66.13863259765367
61,-66.14639603847408
62,-66.14387755828483
63,-66.14086285360011
64,-66.14147203147701
65,-66.14364922251633
66,-66.14373702568469
67,-66.13719749181458
68,-66.13951918215112
69,-66.13710245855292
70,-66.13638539049265
71,-66.13551184999596
72,-66.14102437314024
73,-66.1339040475196
74,-66.13792070466816
75,-66.12529705894197
76,-66.14025793198873
77,-66.14825890010113
78,-66.14439931241856
79,-66.14682730517987
80,-66.14201782144643
81,-66.15068666146598
82,-66.1335140275068
83,-66.1449585275985
84,-66.1505397368446
85,-66.14983812932574
86,-66.12265308720752
87,-66.13711067178879
88,-66.13445315095474
89,-66.14207181395012
90,-66.1346739725309
91,-66.13209076113004
92,-66.14297517449734
93,-66.13619614505862
94,-66.14351948923945
95,-66.13735463402698
96,-66.1373738470767
97,-66.13264698038647
98,-66.14165901958103
99,-66.13325276318905
100,-66.13849030217096
101,-66.14456898820379
102,-66.1267752458682
103,-66.14353432487891
104,-66.14066617794693
105,-66.14535766243205
106,-66.13501369371009
107,-66.13301113532644
108,-66.13775664098652
109,-66.13402225501852
110,-66.1347374196909
111,-66.14117809360697
112,-66.13614689119146
113,-66.13003971018303
114,-66.14070603809701
115,-66.13186819911769
116,-66.13667110434903
117,-66.14516246270958
118,-66.1278875190285
119,-66.1391845939458
120,-66.13974257266855
121,-66.13247237131019
122,-66.13935636158504
123,-66.13933306298325
124,-66.13670132848227
125,-66.1472558083058
126,-66.14406510813699
127,-66.1490690752498
128,-66.13174739448279
129,-66.14071845619063
130,-66.14615579477669
131,-66.14437119281183
132,-66.13896758770505
133,-66.13922582286952
134,-66.13669286712448
135,-66.14301586952422
136,-66.14212152968524
137,-66.1412040261709
138,-66.14811367878757
139,-66.13463818826831
140,-66.12815394352722
141,-66.1341361780683
142,-66.13862440899698
143,-66.14275160458845
144,-66.1415552235995
145,-66.14660282859847
146,-66.14810823135566
147,-66.1384335258564
148,-66.1453749763503
149,-66.14525235131029
150,-66.14593252551195
151,-66.13400280843416
152,-66.13535232760243
153,-66.14403528307167
154,-66.13855722594037
155,-66.14479096172008
156,-66.1420531151123
157,-66.13874188725406
158,-66.12906403705205
159,-66.13863358842106
160,-66.1350835373019
161,-66.13653335144275
162,-66.1392095623438
163,-66.14182502234053
164,-66.13931767508363
165,-66.1419635442423
166,-66.12737556630887
167,-66.1339918221415
168,-66.1431995220037
169,-66.14286172840761
170,-66.13985237929464
171,-66.13477563585835
172,-66.1375987992502
173,-66.14685617474633
174,-66.13707891713145
175,-66.13178847639034
176,-66.14050214057394
177,-66.14613813140652
178,-66.14214538129981
179,-66.13864768903478
180,-66.14433597565686
181,-66.13593939199721
182,-66.14121444918493
183,-66.14076156941847
184,-66.14216935192493
185,-66.14291276801134
186,-66.13604986176355
187,-66.14547056074653
188,-66.1399476541817
189,-66.13737602328747
190,-66.14424692900236
191,-66.13520318969984
192,-66.14416539129975
193,-66.12846933544071
194,-66.13872731539615
195,-66.13674781425283
196,-66.13919437409855
197,-66.13878749859325
198,-66.13734744514034
199,-66.13100962463847
