,0
0,-38.40177127
1,-38.38995745
2,-38.38606686
3,-38.38768581
4,-38.38785443
5,-38.39365611
6,-38.38655007
7,-38.38993899
8,-38.38746178
9,-38.39395971
10,-38.39306937
11,-38.39157208
12,-38.38942798
13,-38.38696236
14,-38.38837177
15,-38.38837749
16,-38.39039364
17,-38.38539363
18,-38.38707572
19,-38.3912247
20,-38.38513424
21,-38.38890261
22,-38.38889825
23,-38.39275829
24,-38.38951956
25,-38.38443988
26,-38.38832928
27,-38.39306371
28,-38.39381887
29,-38.3836165
30,-38.38718046
31,-38.39188905
32,-38.39134298
33,-38.38847561
34,-38.39113439
35,-38.38812053
36,-38.38380795
37,-38.39246239
38,-38.38992173
39,-38.38983735
40,-38.39244384
41,-38.38934081
42,-38.39385455
43,-38.38666617
44,-38.39065109
45,-38.39061463
46,-38.39256963
47,-38.38992934
48,-38.38772105
49,-38.38784243
50,-38.38918665
51,-38.39221317
52,-38.38253118
53,-38.39195523
54,-38.39044915
55,-38.39246705
56,-38.38656448
57,-38.38548204
58,-38.3881425
59,-38.38661485
60,-38.38686072
61,-38.39025352
62,-38.38786613
63,-38.38424922
64,-38.38961917
65,-38.38539887
66,-38.3879885
67,-38.39234761
68,-38.38339132
69,-38.3898869
70,-38.38977278
71,-38.38645745
72,-38.39000017
73,-38.38971286
74,-38.38865218
75,-38.39371946
76,-38.39149137
77,-38.39488317
78,-38.38627973
79,-38.39017484
80,-38.39307172
81,-38.39221221
82,-38.38943142
83,-38.38962023
84,-38.38786241
85,-38.39117205
86,-38.39053781
87,-38.39027473
88,-38.39372304
89,-38.38670888
90,-38.38313516
91,-38.38591138
92,-38.38937316
93,-38.39132875
94,-38.39056558
95,-38.39354922
96,-38.39432299
97,-38.38968999
98,-38.39266284
99,-38.39264398
100,-38.38743575
101,-38.38785677
102,-38.38734549
103,-38.39358003
104,-38.3898438
105,-38.38538411
106,-38.39043705
107,-38.39277215
108,-38.39469696
109,-38.38792597
110,-38.38895065
111,-38.39336644
112,-38.39238974
113,-38.39004026
114,-38.39056181
115,-38.39207545
116,-38.39171082
117,-38.38774441
118,-38.38923407
119,-38.38881504
120,-38.38714
121,-38.3878601
122,-38.39026491
123,-38.38589074
124,-38.38821439
125,-38.38151656
126,-38.38996927
127,-38.39441846
128,-38.39201499
129,-38.39379952
130,-38.39098087
131,-38.39580442
132,-38.38625819
133,-38.39222682
134,-38.39587575
135,-38.39517293
136,-38.38153513
137,-38.38922953
138,-38.38726165
139,-38.39103698
140,-38.38733384
141,-38.38491683
142,-38.39099735
143,-38.3881771
144,-38.3918841
145,-38.38860364
146,-38.38892327
147,-38.38639393
148,-38.39057754
149,-38.38595344
150,-38.39298782
151,-38.38587633
152,-38.3867284
153,-38.39151473
154,-38.38954428
155,-38.39250507
156,-38.39094841
157,-38.38935984
158,-38.38427419
159,-38.38867307
160,-38.38693986
161,-38.38764704
162,-38.38954745
163,-38.39072932
164,-38.3899233
165,-38.3911678
166,-38.38291129
167,-38.38720758
168,-38.39176964
169,-38.39092632
170,-38.389912
171,-38.38686313
172,-38.38813266
173,-38.39336631
174,-38.38799853
175,-38.38569293
176,-38.39014353
177,-38.39370508
178,-38.39058024
179,-38.38856479
180,-38.39219028
181,-38.38673899
182,-38.39101999
183,-38.38978438
184,-38.39083058
185,-38.3916109
186,-38.38713301
187,-38.39301652
188,-38.38996677
189,-38.38797169
190,-38.3923294
191,-38.38807621
192,-38.39191297
193,-38.38433279
194,-38.38921404
195,-38.3883941
196,-38.38928973
197,-38.38927947
198,-38.3880829
199,-38.38429892
200,-38.39022324
201,-38.39351503
202,-38.39200809
203,-38.38879309
204,-38.39263915
205,-38.39005939
206,-38.39166735
207,-38.39013845
208,-38.39128519
209,-38.3892213
210,-38.38862575
211,-38.39419776
212,-38.39384267
213,-38.39501276
214,-38.39157311
215,-38.3867411
216,-38.38889531
217,-38.38895684
218,-38.3918716
219,-38.39079607
220,-38.39377851
221,-38.38806927
222,-38.39352302
223,-38.38949413
224,-38.38609157
225,-38.38964008
226,-38.38925848
227,-38.38638022
228,-38.39128459
229,-38.38287904
230,-38.39204296
231,-38.39072639
232,-38.38494478
233,-38.39184361
234,-38.39002908
235,-38.38926963
236,-38.38860447
237,-38.38992012
238,-38.38550451
239,-38.39191059
240,-38.39202195
241,-38.38773493
242,-38.38039867
243,-38.38753703
244,-38.39078483
245,-38.38871591
246,-38.38915421
247,-38.38934021
248,-38.39385117
249,-38.39266625
250,-38.38524831
251,-38.38813403
252,-38.38514441
253,-38.38572813
254,-38.39139965
255,-38.39451005
256,-38.38223366
257,-38.38426432
258,-38.39168861
259,-38.39124626
260,-38.39069159
261,-38.39036822
262,-38.38764333
263,-38.38341566
264,-38.38700487
265,-38.39090944
266,-38.38713167
267,-38.38797079
268,-38.39211493
269,-38.39564281
270,-38.39007438
271,-38.38991697
272,-38.38930333
273,-38.39394391
274,-38.38826428
275,-38.38790435
276,-38.38660034
277,-38.39307114
278,-38.39411139
279,-38.38889327
280,-38.39215099
281,-38.39312172
282,-38.38617925
283,-38.39117054
284,-38.39029539
285,-38.39177528
286,-38.38718925
287,-38.39006116
288,-38.39345363
289,-38.39328684
290,-38.38541552
291,-38.38362404
292,-38.39088246
293,-38.38379414
294,-38.39036153
295,-38.38070885
296,-38.38792385
297,-38.39031588
298,-38.38745071
299,-38.38655841
300,-38.42919004
301,-38.43655952
302,-38.43707135
303,-38.43710913
304,-38.43077146
305,-38.43668408
306,-38.42934889
307,-38.4299161
308,-38.43916265
309,-38.43644956
310,-38.43037205
311,-38.43471588
312,-38.43182301
313,-38.4370378
314,-38.43650992
315,-38.43831905
316,-38.43660723
317,-38.4369203
318,-38.43284864
319,-38.43308817
320,-38.43810209
321,-38.44124457
322,-38.43547745
323,-38.44064426
324,-38.43690429
325,-38.43429592
326,-38.4379054
327,-38.43372171
328,-38.43063829
329,-38.43854026
330,-38.43679094
331,-38.43606842
332,-38.43729531
333,-38.4420312
334,-38.43684677
335,-38.4381287
336,-38.43034793
337,-38.43723069
338,-38.43876924
339,-38.4325454
340,-38.43444475
341,-38.43900714
342,-38.43590902
343,-38.4403333
344,-38.43749484
345,-38.43734733
346,-38.44038549
347,-38.4370201
348,-38.43751828
349,-38.43879109
350,-38.43425986
351,-38.43976829
352,-38.43444707
353,-38.43929621
354,-38.43243432
355,-38.43386835
356,-38.43185352
357,-38.43685524
358,-38.43431393
359,-38.43520332
360,-38.43075039
361,-38.44062442
362,-38.43827866
363,-38.43734442
364,-38.43695685
365,-38.43875772
366,-38.43588935
367,-38.43704514
368,-38.43378964
369,-38.44208469
370,-38.43746158
371,-38.44168264
372,-38.44189999
373,-38.43809992
374,-38.43756742
375,-38.43366021
376,-38.43855475
377,-38.4330971
378,-38.43072883
379,-38.43315093
380,-38.43192585
381,-38.43578048
382,-38.43490228
383,-38.43492871
384,-38.43708537
385,-38.43575438
386,-38.43389837
387,-38.43868315
388,-38.4322321
389,-38.43677882
390,-38.43903676
391,-38.43998907
392,-38.43276949
393,-38.44001428
394,-38.43254472
395,-38.43692187
396,-38.44149168
397,-38.43292334
398,-38.42621092
399,-38.43769552
400,-38.43450781
401,-38.43343201
402,-38.42940427
403,-38.44032532
404,-38.43865142
405,-38.43970908
406,-38.43857396
407,-38.42932409
408,-38.44032312
409,-38.43932806
410,-38.43971362
411,-38.43550052
412,-38.43593285
413,-38.44137849
414,-38.43140634
415,-38.44007849
416,-38.43074783
417,-38.43556683
418,-38.43493318
419,-38.4328496
420,-38.43773874
421,-38.43141259
422,-38.43467518
423,-38.43594411
424,-38.43439874
425,-38.43672657
426,-38.43798012
427,-38.43240552
428,-38.43668432
429,-38.4350913
430,-38.44030919
431,-38.43817331
432,-38.43462913
433,-38.43368872
434,-38.43875977
435,-38.43792149
436,-38.43587625
437,-38.4357115
438,-38.44127831
439,-38.43486769
440,-38.43738821
441,-38.43437581
442,-38.43588052
443,-38.43442311
444,-38.43741985
445,-38.43422938
446,-38.43238564
447,-38.43366906
448,-38.43744763
449,-38.43371784
450,-38.43047537
451,-38.43753218
452,-38.44002316
453,-38.43489787
454,-38.43851715
455,-38.43601332
456,-38.43958899
457,-38.43649082
458,-38.43198253
459,-38.43418059
460,-38.43666966
461,-38.42866954
462,-38.44117347
463,-38.43283656
464,-38.43901341
465,-38.43389562
466,-38.43861961
467,-38.42758979
468,-38.42985594
469,-38.43276936
470,-38.44026016
471,-38.43555798
472,-38.43813017
473,-38.43605113
474,-38.43814476
475,-38.43279513
476,-38.43561956
477,-38.43520072
478,-38.4328254
479,-38.43546953
480,-38.43727342
481,-38.42775862
482,-38.43459719
483,-38.4298645
484,-38.43634346
485,-38.43473746
486,-38.4416876
487,-38.43265622
488,-38.43212115
489,-38.43737759
490,-38.44070365
491,-38.43627787
492,-38.43869378
493,-38.44096563
494,-38.4323052
495,-38.43326673
496,-38.43298063
497,-38.4333099
498,-38.4360288
499,-38.43601723
