,0
0,-54.48478445
1,-54.47901039
2,-54.47892474
3,-54.4794506
4,-54.47900566
5,-54.47977538
6,-54.47774622
7,-54.47874888
8,-54.47827551
9,-54.47972721
10,-54.48053348
11,-54.47959962
12,-54.47933402
13,-54.47868686
14,-54.4803231
15,-54.47893789
16,-54.47931411
17,-54.47756707
18,-54.48019722
19,-54.48040062
20,-54.47735214
21,-54.48031675
22,-54.47920769
23,-54.48059033
24,-54.47906034
25,-54.47577688
26,-54.47968383
27,-54.47965163
28,-54.48041281
29,-54.47643713
30,-54.47765442
31,-54.48064427
32,-54.47937922
33,-54.48009079
34,-54.48053138
35,-54.47937756
36,-54.47793565
37,-54.48046662
38,-54.47772731
39,-54.47889125
40,-54.48015456
41,-54.47938994
42,-54.48051418
43,-54.47962064
44,-54.47922631
45,-54.47951624
46,-54.48064208
47,-54.47928919
48,-54.47970336
49,-54.47860526
50,-54.47943307
51,-54.47994822
52,-54.47556337
53,-54.47985597
54,-54.47979277
55,-54.48031641
56,-54.47814249
57,-54.47806742
58,-54.47711143
59,-54.47849855
60,-54.47937985
61,-54.48074201
62,-54.47951161
63,-54.47741852
64,-54.47920268
65,-54.47878344
66,-54.47932149
67,-54.48016432
68,-54.47756187
69,-54.47714651
70,-54.47995096
71,-54.47817597
72,-54.47800796
73,-54.47931492
74,-54.47799696
75,-54.48066134
76,-54.48013509
77,-54.48035128
78,-54.47822519
79,-54.47843603
80,-54.48059383
81,-54.48106559
82,-54.47930468
83,-54.4799917
84,-54.47917243
85,-54.48007305
86,-54.47997502
87,-54.47939625
88,-54.48087316
89,-54.47812856
90,-54.47831234
91,-54.47810835
92,-54.47807491
93,-54.48049994
94,-54.47891499
95,-54.48114372
96,-54.48183615
97,-54.47879468
98,-54.4799189
99,-54.48008328
100,-54.47835203
101,-54.47687749
102,-54.47945499
103,-54.48138719
104,-54.47848025
105,-54.47831888
106,-54.47983878
107,-54.4806127
108,-54.48075804
109,-54.47732503
110,-54.47853785
111,-54.48147629
112,-54.48022294
113,-54.47970178
114,-54.48040422
115,-54.4798349
116,-54.4810496
117,-54.4781512
118,-54.47992025
119,-54.47936507
120,-54.47752193
121,-54.478551
122,-54.47797405
123,-54.47767867
124,-54.48055425
125,-54.47562876
126,-54.47982312
127,-54.48097702
128,-54.48048244
129,-54.48178255
130,-54.47857265
131,-54.48166605
132,-54.47784065
133,-54.48052822
134,-54.48073707
135,-54.48081609
136,-54.47724727
137,-54.47974109
138,-54.47895706
139,-54.48074097
140,-54.47825864
141,-54.47765322
142,-54.48035023
143,-54.47968249
144,-54.47825247
145,-54.47839734
146,-54.47819649
147,-54.47774406
148,-54.47981268
149,-54.47681516
150,-54.48098702
151,-54.47746373
152,-54.47848244
153,-54.47955946
154,-54.48041342
155,-54.4799989
156,-54.48077986
157,-54.47990433
158,-54.47855343
159,-54.47877831
160,-54.47858444
161,-54.47692713
162,-54.48067689
163,-54.48001114
164,-54.48009148
165,-54.4803012
166,-54.47541238
167,-54.47847479
168,-54.48037532
169,-54.47979503
170,-54.47877178
171,-54.47754755
172,-54.47769581
173,-54.48149673
174,-54.47794163
175,-54.47677258
176,-54.47964522
177,-54.48048752
178,-54.47962375
179,-54.47775643
180,-54.48016981
181,-54.47893867
182,-54.48066489
183,-54.47949292
184,-54.48003054
185,-54.47915728
186,-54.47876941
187,-54.48080392
188,-54.47770022
189,-54.47764629
190,-54.48015946
191,-54.47886664
192,-54.48028757
193,-54.47796255
194,-54.47938884
195,-54.47804319
196,-54.47797538
197,-54.47928208
198,-54.47884999
199,-54.4783997
200,-54.47880865
201,-54.48122154
202,-54.48048422
203,-54.47997666
204,-54.48164854
205,-54.47854563
206,-54.47990581
207,-54.47819958
208,-54.4802371
209,-54.47791325
210,-54.47854971
211,-54.48123344
212,-54.48144714
213,-54.48138422
214,-54.47963142
215,-54.47876074
216,-54.47921079
217,-54.47887834
218,-54.48049831
219,-54.4793859
220,-54.48160899
221,-54.47943555
222,-54.48020915
223,-54.47892049
224,-54.47833007
225,-54.47893071
226,-54.47996465
227,-54.47847638
228,-54.47970739
229,-54.47664816
230,-54.48080757
231,-54.47875019
232,-54.47714802
233,-54.48011206
234,-54.47867705
235,-54.47717615
236,-54.47977942
237,-54.48014569
238,-54.47894882
239,-54.48040842
240,-54.48058536
241,-54.47781173
242,-54.47536897
243,-54.47940893
244,-54.47985959
245,-54.4797086
246,-54.47997647
247,-54.48031527
248,-54.48011487
249,-54.48059557
250,-54.47838312
251,-54.47875688
252,-54.47830592
253,-54.47730272
254,-54.4792296
255,-54.47974062
256,-54.47566241
257,-54.47767595
258,-54.48019981
259,-54.479597
260,-54.47806254
261,-54.47931455
262,-54.47773174
263,-54.47668313
264,-54.47925064
265,-54.47996991
266,-54.4778261
267,-54.47955397
268,-54.47920045
269,-54.4816393
270,-54.47825486
271,-54.47992941
272,-54.47828948
273,-54.48178159
274,-54.47931097
275,-54.47860099
276,-54.47780649
277,-54.48077323
278,-54.47955496
279,-54.4780903
280,-54.48031742
281,-54.48019836
282,-54.4776147
283,-54.48118867
284,-54.47818125
285,-54.47847804
286,-54.4765397
287,-54.47897054
288,-54.48066082
289,-54.47980759
290,-54.47804773
291,-54.47707355
292,-54.47985999
293,-54.47776097
294,-54.47910144
295,-54.47680754
296,-54.47831596
297,-54.47983414
298,-54.47889109
299,-54.47828421
