****************************************************************************************************
     Average of energy (eV atom^-1)
----------------------------------------------------------------------------------------------------
          -4.12970193
****************************************************************************************************
     Average of force (X Y Z) (eV ang^-1 atom^-1)
----------------------------------------------------------------------------------------------------
          -0.00000000     -0.00000000      0.00000000
****************************************************************************************************
     Average of stress (XX YY ZZ XY XZ YZ) (GPa atom^-1)
----------------------------------------------------------------------------------------------------
           0.00031596      0.00031596      0.00031596      0.00000000     -0.00000000     -0.00000000
****************************************************************************************************
     Variance of energy (eV atom^-1)
----------------------------------------------------------------------------------------------------
           0.00000013
****************************************************************************************************
     Variance of force (X Y Z) (eV ang^-1 atom^-1)
----------------------------------------------------------------------------------------------------
           0.00000000      0.00000000      0.00000000
****************************************************************************************************
     Variance of stress (XX YY ZZ XY XZ YZ) (GPa atom^-1)
----------------------------------------------------------------------------------------------------
           0.00026090      0.00026090      0.00026090      0.00000000      0.00000000      0.00000000
****************************************************************************************************
     Normalized histogram
     X, HIS_E, HIS_F, HIS_S
----------------------------------------------------------------------------------------------------
     -3.00000000      0.00000000      0.03125000      0.00000000      0.03125000      0.00000000      0.00000000      0.00000000      0.00000000      0.00000000      0.00000000
     -2.70000000      0.00000000      0.00000000      0.00000000      0.00000000      0.00000000      0.00000000      0.00000000      0.00000000      0.00000000      0.00000000
     -2.40000000      0.00000000      0.00000000      0.06250000      0.00000000      0.00000000      0.00000000      0.00000000      0.00000000      0.00000000      0.00000000
     -2.10000000      0.00000000      0.00000000      0.03125000      0.03125000      0.00000000      0.00000000      0.00000000      0.00000000      0.00000000      0.00000000
     -1.80000000      0.00000000      0.06250000      0.00000000      0.03125000      0.00000000      0.00000000      0.00000000      0.00000000      0.00000000      0.00000000
     -1.50000000      0.00000000      0.00000000      0.03125000      0.00000000      0.00000000      0.00000000      0.00000000      0.00000000      0.00000000      0.00000000
     -1.20000000      0.50000000      0.03125000      0.03125000      0.03125000      0.50000000      0.50000000      0.50000000      0.50000000      0.50000000      0.50000000
     -0.90000000      0.00000000      0.03125000      0.06250000      0.03125000      0.00000000      0.00000000      0.00000000      0.00000000      0.00000000      0.00000000
     -0.60000000      0.00000000      0.09375000      0.00000000      0.06250000      0.00000000      0.00000000      0.00000000      0.00000000      0.00000000      0.00000000
     -0.30000000      0.00000000      0.40625000      0.15625000      0.40625000      0.00000000      0.00000000      0.00000000      0.00000000      0.00000000      0.00000000
     -0.00000000      0.00000000      0.09375000      0.25000000      0.09375000      0.00000000      0.00000000      0.00000000      0.00000000      0.00000000      0.00000000
      0.30000000      0.00000000      0.00000000      0.21875000      0.06250000      0.00000000      0.00000000      0.00000000      0.00000000      0.00000000      0.00000000
      0.60000000      0.00000000      0.09375000      0.00000000      0.09375000      0.00000000      0.00000000      0.00000000      0.00000000      0.00000000      0.00000000
      0.90000000      0.50000000      0.00000000      0.00000000      0.03125000      0.50000000      0.50000000      0.50000000      0.50000000      0.50000000      0.50000000
      1.20000000      0.00000000      0.03125000      0.06250000      0.03125000      0.00000000      0.00000000      0.00000000      0.00000000      0.00000000      0.00000000
      1.50000000      0.00000000      0.09375000      0.06250000      0.00000000      0.00000000      0.00000000      0.00000000      0.00000000      0.00000000      0.00000000
      1.80000000      0.00000000      0.03125000      0.03125000      0.03125000      0.00000000      0.00000000      0.00000000      0.00000000      0.00000000      0.00000000
      2.10000000      0.00000000      0.00000000      0.00000000      0.00000000      0.00000000      0.00000000      0.00000000      0.00000000      0.00000000      0.00000000
      2.40000000      0.00000000      0.00000000      0.00000000      0.03125000      0.00000000      0.00000000      0.00000000      0.00000000      0.00000000      0.00000000
      2.70000000      0.00000000      0.00000000      0.00000000      0.00000000      0.00000000      0.00000000      0.00000000      0.00000000      0.00000000      0.00000000
