,0
0,-62.535131815316376
1,-62.528839674047624
2,-62.52863529063912
3,-62.53039238282384
4,-62.528783288452466
5,-62.53030420898273
6,-62.528517531047385
7,-62.528346897979304
8,-62.52771060520337
9,-62.528276212721394
10,-62.528899042239956
11,-62.52683617426722
12,-62.52878969303492
13,-62.530658528827935
14,-62.530190818747855
15,-62.5307016476625
16,-62.531774167753284
17,-62.52893074679393
18,-62.52892476668274
19,-62.53071903891516
20,-62.53057940713871
21,-62.528367906882714
22,-62.53070281831851
23,-62.52908327189967
24,-62.52523820584166
25,-62.531369726761824
26,-62.53080016930354
27,-62.5312583127347
28,-62.52693189379593
29,-62.5280964532772
30,-62.52964671842381
31,-62.529015851264646
32,-62.528848806226364
33,-62.52782933135279
34,-62.53013941931204
35,-62.530807249678055
36,-62.529545097396515
37,-62.5295185885738
38,-62.52946798761737
39,-62.52977429035394
40,-62.529826292365804
41,-62.53210533374327
42,-62.529790775790026
43,-62.528128254669156
44,-62.53077416270469
45,-62.52762461608871
46,-62.53026497085244
47,-62.53116608023612
48,-62.530410390270376
49,-62.52778049250064
50,-62.52980160254206
51,-62.531885404444374
52,-62.52864983607298
53,-62.53002304749473
54,-62.528898343879675
55,-62.53046966778317
56,-62.529669161945456
57,-62.52920853525347
58,-62.53051722084355
59,-62.528489583018285
60,-62.53115687467141
61,-62.527974276437874
62,-62.529538347990496
63,-62.5320104780525
64,-62.53121937470491
65,-62.52817801945759
66,-62.53077544465879
67,-62.529437681554015
68,-62.52813416739892
69,-62.530353779258725
70,-62.5303509430201
71,-62.52995938900464
72,-62.52574929615056
73,-62.52925652133885
74,-62.52974926990629
75,-62.53040308661723
76,-62.52670618578725
77,-62.52685871697587
78,-62.526672417362846
79,-62.52935180522961
80,-62.53060397717869
81,-62.52738828792515
82,-62.52670381177201
83,-62.52863184765817
84,-62.53035957166712
85,-62.5307640202087
86,-62.530174712517
87,-62.52993088263396
88,-62.52934522309554
89,-62.52847410329157
90,-62.53055855669152
91,-62.529183406964854
92,-62.528924659839795
93,-62.53004552709197
94,-62.52860787188092
95,-62.52960354645529
96,-62.52976963758923
97,-62.53011689534021
98,-62.53042742620032
99,-62.52712473077947
100,-62.53062417455871
101,-62.52824805168588
102,-62.52869941174427
103,-62.5308436088729
104,-62.53169481704403
105,-62.529362723414366
106,-62.530217596259526
107,-62.53016850384059
108,-62.52976402335711
109,-62.52696088515481
110,-62.52944131940089
111,-62.53027219068684
112,-62.52920913671476
113,-62.52720446330421
114,-62.53001385275184
115,-62.52788363677046
116,-62.530678408509345
117,-62.52949505324517
118,-62.53133059305738
119,-62.53151284673102
120,-62.52884793226555
121,-62.53043586869524
122,-62.5281279083412
123,-62.528308060424045
124,-62.52888504231223
125,-62.52899884574229
126,-62.527054220978776
127,-62.52719535143049
128,-62.53253652226698
129,-62.528770231752326
130,-62.53206579359156
131,-62.529518992960064
132,-62.52881615866961
133,-62.52937273613424
134,-62.5313390377792
135,-62.529392530040155
136,-62.530366172393926
137,-62.52997820656096
138,-62.52961672136398
139,-62.53036591647931
140,-62.52731844372463
141,-62.53176220400543
142,-62.53140173873367
143,-62.52862434447678
144,-62.524698851484004
145,-62.53041222748108
146,-62.5273550070337
147,-62.527918824888424
148,-62.52971025133118
149,-62.53200076093613
150,-62.53223152091623
151,-62.52948952567902
152,-62.52997878058088
153,-62.52910262368397
154,-62.52937074813547
155,-62.53005165178846
156,-62.529537154088956
157,-62.52554004960757
158,-62.52914569372543
159,-62.531042026068874
160,-62.52961633918867
161,-62.52946559383326
162,-62.52647872358345
163,-62.529636588926834
164,-62.52814699306425
165,-62.530701759134594
166,-62.52899002137237
167,-62.530191376783705
168,-62.53172341473544
169,-62.530749161761555
170,-62.529904466774624
171,-62.528935361222224
172,-62.531603973270755
173,-62.531641071545515
174,-62.52765966061977
175,-62.52848794526269
176,-62.53021360001718
177,-62.52787104773874
178,-62.528931560837634
179,-62.528289657350605
180,-62.52492604308895
181,-62.52987596619294
182,-62.52861318521305
183,-62.53096018170636
184,-62.530192348422695
185,-62.52971861628368
186,-62.52859662710455
187,-62.5299573889226
188,-62.53146002653282
189,-62.53022892993441
190,-62.52803490012722
191,-62.530068933040994
192,-62.52892546186689
193,-62.53018308933728
194,-62.52901831603159
195,-62.52935425538868
196,-62.529841538486174
197,-62.529707660206725
198,-62.529413108776644
