****************************************************************************************************
     Results at          0 MD step.
====================================================================================================
     Total energies (eV)
----------------------------------------------------------------------------------------------------
       -66.075229   -66.075229
       -66.075233   -66.075233
====================================================================================================
     Forces (eV ang.^-1)
----------------------------------------------------------------------------------------------------
         0.000000    -0.000000
        -0.000000    -0.000000
        -0.000000    -0.000000
        -0.000000     0.000000
         0.000000    -0.000000
         0.000000    -0.000000
        -0.000000     0.000000
         0.000000     0.000000
         0.000000    -0.000000
        -0.000000     0.000000
        -0.000000     0.000000
        -0.000000     0.000000
         0.000000    -0.000000
        -0.000000    -0.000000
         0.000000    -0.000000
         0.000000    -0.000000
        -0.000000     0.000000
         0.000000     0.000000
        -0.000000     0.000000
        -0.000000    -0.000000
        -0.000000     0.000000
         0.000000    -0.000000
        -0.000000    -0.000000
         0.000000    -0.000000
        -0.000000     0.000000
         0.000000     0.000000
        -0.000000     0.000000
        -0.000000     0.000000
         0.000000     0.000000
        -0.000000    -0.000000
        -0.000000     0.000000
         0.000000     0.000000
        -0.000000    -0.000000
         0.000000    -0.000000
         0.000000    -0.000000
        -0.000000    -0.000000
        -0.000000     0.000000
         0.000000     0.000000
        -0.000000     0.000000
         0.000000    -0.000000
         0.000000    -0.000000
        -0.000000     0.000000
         0.000000    -0.000000
         0.000000    -0.000000
        -0.000000     0.000000
        -0.000000    -0.000000
         0.000000    -0.000000
        -0.000000     0.000000
         0.000000    -0.000000
         0.000000    -0.000000
        -0.000000    -0.000000
        -0.000000    -0.000000
        -0.000000    -0.000000
         0.000000    -0.000000
        -0.000000    -0.000000
         0.000000    -0.000000
         0.000000    -0.000000
        -0.000000     0.000000
        -0.000000     0.000000
        -0.000000     0.000000
         0.000000    -0.000000
         0.000000    -0.000000
         0.000000     0.000000
         0.000000     0.000000
         0.000000     0.000000
        -0.000000     0.000000
         0.000000     0.000000
         0.000000     0.000000
         0.000000     0.000000
        -0.000000    -0.000000
        -0.000000    -0.000000
         0.000000    -0.000000
        -0.000000     0.000000
        -0.000000     0.000000
        -0.000000     0.000000
        -0.000000     0.000000
         0.000000     0.000000
        -0.000000     0.000000
        -0.000000     0.000000
         0.000000     0.000000
         0.000000     0.000000
        -0.000000     0.000000
         0.000000    -0.000000
        -0.000000     0.000000
        -0.000000    -0.000000
        -0.000000    -0.000000
        -0.000000    -0.000000
        -0.000000    -0.000000
         0.000000     0.000000
        -0.000000    -0.000000
        -0.000000     0.000000
        -0.000000    -0.000000
         0.000000    -0.000000
        -0.000000     0.000000
         0.000000     0.000000
        -0.000000     0.000000
====================================================================================================
     Stress (kbar)
----------------------------------------------------------------------------------------------------
         0.092298     0.047960
         0.000000    -0.000000
         0.000000     0.000000
         0.092298     0.047960
         0.000000     0.000000
         0.092298     0.047960
         0.008808     0.047945
         0.000000     0.000000
        -0.000000     0.000000
         0.008808     0.047945
        -0.000000     0.000000
         0.008808     0.047945
