,0
0,-66.18763799
1,-66.16597728
2,-66.15900698
3,-66.16248228
4,-66.16404056
5,-66.17319355
6,-66.16131943
7,-66.16637342
8,-66.16224627
9,-66.17301006
10,-66.17139877
11,-66.16926784
12,-66.16570654
13,-66.16278577
14,-66.16337528
15,-66.16439295
16,-66.1662206
17,-66.15849593
18,-66.16125327
19,-66.16818513
20,-66.15868835
21,-66.16450165
22,-66.16445318
23,-66.17102511
24,-66.16632055
25,-66.15504977
26,-66.16393774
27,-66.17130664
28,-66.173505
29,-66.15534502
30,-66.16084561
31,-66.17078524
32,-66.16866087
33,-66.16284908
34,-66.16949084
35,-66.16345269
36,-66.15564717
37,-66.17091563
38,-66.1659675
39,-66.16506376
40,-66.17100569
41,-66.16524894
42,-66.17296887
43,-66.16058861
44,-66.16719079
45,-66.16861108
46,-66.17232892
47,-66.16572093
48,-66.16280943
49,-66.16365961
50,-66.16489849
51,-66.17055392
52,-66.15371062
53,-66.16943131
54,-66.16681241
55,-66.1712422
56,-66.16154865
57,-66.15974459
58,-66.16405432
59,-66.16081263
60,-66.16148782
61,-66.16741693
62,-66.16276127
63,-66.15690704
64,-66.16698977
65,-66.1585803
66,-66.1632148
67,-66.17104971
68,-66.15528045
69,-66.16530713
70,-66.16597795
71,-66.15900584
72,-66.1655939
73,-66.16557535
74,-66.1632738
75,-66.17302483
76,-66.17015755
77,-66.17471317
78,-66.1585276
79,-66.16672156
80,-66.17202482
81,-66.17053104
82,-66.16523648
83,-66.16553773
84,-66.16315145
85,-66.16904311
86,-66.16820846
87,-66.16737568
88,-66.17397765
89,-66.16119003
90,-66.15499258
91,-66.16079755
92,-66.16488565
93,-66.1687951
94,-66.16768539
95,-66.17243303
96,-66.17388038
97,-66.16499955
98,-66.17124866
99,-66.17119101
100,-66.17187509
101,-66.16068712
102,-66.16183106
103,-66.17001007
104,-66.16502955
105,-66.17068619
106,-66.16823192
107,-66.16507538
108,-66.1558919
109,-66.1649327
110,-66.16173495
111,-66.16292595
112,-66.16554471
113,-66.16788718
114,-66.16569423
115,-66.16812761
116,-66.15415144
117,-66.16078822
118,-66.16918674
119,-66.16892054
120,-66.16613953
121,-66.16135803
122,-66.16401745
123,-66.17292399
124,-66.16338721
125,-66.15842797
126,-66.16659096
127,-66.1719779
128,-66.16824056
129,-66.16490184
130,-66.17030354
131,-66.16238518
132,-66.1674318
133,-66.16695458
134,-66.16846351
135,-66.16891409
136,-66.16252168
137,-66.17141524
138,-66.16599029
139,-66.16379119
140,-66.17010279
141,-66.16165511
142,-66.17024412
143,-66.15550864
144,-66.1649616
145,-66.16306565
146,-66.16533847
147,-66.16519498
148,-66.16384941
149,-66.15790252
150,-66.1678598
151,-66.17217631
152,-66.1694103
153,-66.16370461
154,-66.17179936
155,-66.16617425
156,-66.16930668
157,-66.16684213
158,-66.16882758
159,-66.16513999
160,-66.16416796
161,-66.17400331
162,-66.17294779
163,-66.1758355
164,-66.16916519
165,-66.16168026
166,-66.16487495
167,-66.16544509
168,-66.17033087
169,-66.16744077
170,-66.17362939
171,-66.16424006
172,-66.1722949
173,-66.16713624
174,-66.15919486
175,-66.1651267
176,-66.16559251
177,-66.16120623
178,-66.16863996
179,-66.15191907
180,-66.16992407
181,-66.16844678
182,-66.15704321
183,-66.17017714
184,-66.16645299
185,-66.1649357
186,-66.16360796
187,-66.16696678
188,-66.15802447
189,-66.17076586
190,-66.17005063
191,-66.16207812
192,-66.1504606
193,-66.16242943
194,-66.16909049
195,-66.16405475
196,-66.16562855
197,-66.16505391
198,-66.17282306
199,-66.17091956
200,-66.15835878
201,-66.16440179
202,-66.15809884
203,-66.15886322
204,-66.1681615
205,-66.17444809
206,-66.1517139
207,-66.15735599
208,-66.16991691
209,-66.16753006
210,-66.16653117
211,-66.16745929
212,-66.1627616
213,-66.15521754
214,-66.1619068
215,-66.16782896
216,-66.16227422
217,-66.16253169
218,-66.17039556
219,-66.17701477
220,-66.16568663
221,-66.16596419
222,-66.16606152
223,-66.17387127
224,-66.16358878
225,-66.16211904
226,-66.1612263
227,-66.17183928
228,-66.17338391
229,-66.16447529
230,-66.16986114
231,-66.1712894
232,-66.15952703
233,-66.16961083
234,-66.16753923
235,-66.16906097
236,-66.16130361
237,-66.16675036
238,-66.17278161
239,-66.17149699
240,-66.15867764
241,-66.15682191
242,-66.16828992
243,-66.15399182
244,-66.16646321
245,-66.15033213
246,-66.16279827
247,-66.16703624
248,-66.16279007
249,-66.15914323
