,0
0,-54.12679328165618
1,-54.12105716
2,-54.12095542
3,-54.12153719
4,-54.12115287
5,-54.12185801
6,-54.11972889
7,-54.1207292
8,-54.12029605
9,-54.12180162
10,-54.12264109
11,-54.12172849
12,-54.12141571
13,-54.12068352
14,-54.12242342
15,-54.1210002
16,-54.12133391
17,-54.11958013
18,-54.1222787
19,-54.12249128
20,-54.11936887
21,-54.12245717
22,-54.12126053
23,-54.12271412
24,-54.12118905
25,-54.11780779
26,-54.12182239
27,-54.12167022
28,-54.12251249
29,-54.11833632
30,-54.11955504
31,-54.12277315
32,-54.12142329
33,-54.12218125
34,-54.12276799
35,-54.12157172
36,-54.11989886
37,-54.12257555
38,-54.11970352
39,-54.12087931
40,-54.12225782
41,-54.12146662
42,-54.12258416
43,-54.12171143
44,-54.12126947
45,-54.12159515
46,-54.12288588
47,-54.12130303
48,-54.12188642
49,-54.12065413
50,-54.12141601
51,-54.12207647
52,-54.11747568
53,-54.12202523
54,-54.12184185
55,-54.12248006
56,-54.12022119
57,-54.12012542
58,-54.11902577
59,-54.12058611
60,-54.121422
61,-54.12292193
62,-54.12158022
63,-54.11932982
64,-54.12122542
65,-54.12079608
66,-54.12146678
67,-54.1222996
68,-54.11944474
69,-54.118978
70,-54.12207638
71,-54.12023113
72,-54.11993947
73,-54.1214463
74,-54.11995316
75,-54.12281638
76,-54.12224472
77,-54.12248864
78,-54.12018648
79,-54.12047938
80,-54.12272617
81,-54.12319351
82,-54.12141877
83,-54.1221263
84,-54.12129584
85,-54.1222452
86,-54.12208327
87,-54.1214669
88,-54.12300915
89,-54.12009736
90,-54.12039302
91,-54.12019234
92,-54.12004106
93,-54.12262413
94,-54.12095621
95,-54.12330446
96,-54.12401337
97,-54.12081481
98,-54.12204501
99,-54.12217269
100,-54.12039712
101,-54.11876442
102,-54.12147721
103,-54.12357879
104,-54.12053784
105,-54.12027211
106,-54.1219605
107,-54.12282244
108,-54.12288772
109,-54.1192841
110,-54.12059109
111,-54.12367872
112,-54.12232071
113,-54.12178483
114,-54.12251866
115,-54.12191716
116,-54.12319556
117,-54.12023227
118,-54.12205247
119,-54.1214704
120,-54.11951518
121,-54.12061076
122,-54.1199668
123,-54.11973285
124,-54.12277322
125,-54.11746692
126,-54.12192869
127,-54.12311857
128,-54.12264073
129,-54.12398712
130,-54.12062232
131,-54.12383852
132,-54.11983328
133,-54.12265118
134,-54.12282778
135,-54.12292799
136,-54.11910874
137,-54.12177509
138,-54.12098541
139,-54.12290518
140,-54.12025101
141,-54.11972196
142,-54.12250323
143,-54.12178496
144,-54.12035174
145,-54.12047428
146,-54.1201922
147,-54.11981246
148,-54.12193284
149,-54.1187935
150,-54.12314683
151,-54.11946869
152,-54.1205383
153,-54.12163893
154,-54.12253796
155,-54.12214276
156,-54.12292469
157,-54.1220408
158,-54.12054596
159,-54.1208954
160,-54.12057222
161,-54.11887974
162,-54.12279096
163,-54.12215778
164,-54.12223306
165,-54.12238656
166,-54.11720496
167,-54.12053529
168,-54.12252885
169,-54.12196483
170,-54.12072159
171,-54.11948475
172,-54.11959647
173,-54.12370299
174,-54.12002049
175,-54.11872487
176,-54.12173553
177,-54.12257332
178,-54.12169729
179,-54.11977384
180,-54.12221961
181,-54.1210162
182,-54.1227719
183,-54.12154175
184,-54.12213951
185,-54.12115213
186,-54.12092167
187,-54.12294395
188,-54.11961761
189,-54.11957545
190,-54.12225874
191,-54.12089827
192,-54.12233545
193,-54.12000942
194,-54.12145305
195,-54.12004203
196,-54.12001167
197,-54.12138068
198,-54.12087384
199,-54.1204794
200,-54.12086222
201,-54.12342849
202,-54.12259317
203,-54.1220971
204,-54.12384588
205,-54.12060228
206,-54.12203425
207,-54.12027387
208,-54.1223608
209,-54.11995375
210,-54.12054919
211,-54.12343114
212,-54.12359976
213,-54.12357915
214,-54.12169039
215,-54.12072198
216,-54.12127266
217,-54.12094642
218,-54.12262146
219,-54.12146907
220,-54.12381482
221,-54.12152242
222,-54.12227374
223,-54.12101257
224,-54.12030235
225,-54.12098424
226,-54.12207366
227,-54.12046323
228,-54.12177849
229,-54.11861385
230,-54.1229669
231,-54.12075696
232,-54.1190175
233,-54.12224617
234,-54.12069425
235,-54.11909082
236,-54.12184807
237,-54.12225726
238,-54.12093333
239,-54.12253881
240,-54.12269177
241,-54.11968844
242,-54.11730507
243,-54.12149548
244,-54.12196835
245,-54.1217827
246,-54.12212895
247,-54.12240612
248,-54.12219191
249,-54.12274406
250,-54.12037798
251,-54.12079115
252,-54.12035388
253,-54.11917765
254,-54.12126018
255,-54.12186067
256,-54.11752239
257,-54.11967014
258,-54.12233796
259,-54.12160968
260,-54.12009602
261,-54.1213613
262,-54.11964779
263,-54.11860649
264,-54.12135323
265,-54.12205854
266,-54.11984222
267,-54.1216138
268,-54.12128253
269,-54.12382331
270,-54.12025675
271,-54.12203579
272,-54.12041109
273,-54.12396669
274,-54.12136138
275,-54.12058968
276,-54.11982231
277,-54.12290681
278,-54.12158256
279,-54.12009352
280,-54.12241386
281,-54.12230263
282,-54.11953456
283,-54.12340974
284,-54.12016913
285,-54.12052272
286,-54.11838749
287,-54.12097158
288,-54.12277759
289,-54.12192198
290,-54.12022755
291,-54.11912075
292,-54.12195426
293,-54.11965434
294,-54.12115481
295,-54.11868112
296,-54.12034949
297,-54.12194337
298,-54.12095307
299,-54.12028379
300,-54.12019016
301,-54.12128046
302,-54.1220971
303,-54.12111463
304,-54.11973822
305,-54.12199236
306,-54.11757769
307,-54.12018352
308,-54.12306196
309,-54.12102486
310,-54.12156252
311,-54.12046529
312,-54.11831573
313,-54.12184912
314,-54.12084207
315,-54.12326502
316,-54.12160514
317,-54.12059319
318,-54.12043945
319,-54.12081252
320,-54.1225947
321,-54.12360116
322,-54.12119963
323,-54.12124418
324,-54.12139333
325,-54.12080803
326,-54.12068309
327,-54.12136785
328,-54.12054692
329,-54.12141938
330,-54.12137519
331,-54.12114776
332,-54.12191748
333,-54.12363762
334,-54.12237593
335,-54.12233475
336,-54.11819394
337,-54.12188623
338,-54.12322194
339,-54.12026455
340,-54.11986414
341,-54.12318573
342,-54.12162205
343,-54.12281067
344,-54.12199697
345,-54.12217331
346,-54.12373687
347,-54.12109065
348,-54.12175777
349,-54.12092979
350,-54.12108756
351,-54.12313651
352,-54.12063301
353,-54.12114921
354,-54.11980787
355,-54.11963656
356,-54.11875993
357,-54.12193066
358,-54.12081699
359,-54.1196359
360,-54.11938602
361,-54.12202924
362,-54.12118426
363,-54.12222794
364,-54.12248195
365,-54.12246577
366,-54.12098335
367,-54.12213713
368,-54.11944368
369,-54.12315915
370,-54.12278279
371,-54.12296447
372,-54.12313782
373,-54.12222938
374,-54.12234846
375,-54.12070219
376,-54.12252851
377,-54.12085398
378,-54.11967939
379,-54.12038688
380,-54.11966608
381,-54.11849278
382,-54.12058733
383,-54.1203902
384,-54.12198008
385,-54.11959039
386,-54.11956192
387,-54.12080717
388,-54.12057134
389,-54.12166022
390,-54.12135466
391,-54.12234507
392,-54.12006167
393,-54.12250595
394,-54.12022897
395,-54.12259209
396,-54.1225066
397,-54.12097117
398,-54.11797572
399,-54.12267033
400,-54.12071954
401,-54.11933575
402,-54.11811259
403,-54.12328667
404,-54.12326207
405,-54.12366172
406,-54.12213512
407,-54.12106191
408,-54.12297924
409,-54.12242836
410,-54.12405476
411,-54.11972301
412,-54.12161105
413,-54.12343738
414,-54.1210022
415,-54.12346593
416,-54.11951093
417,-54.12111421
418,-54.12233213
419,-54.12149587
420,-54.12193795
421,-54.11945927
422,-54.1191357
423,-54.12111442
424,-54.1216255
425,-54.12131161
426,-54.12084319
427,-54.12052079
428,-54.1211844
429,-54.12098967
430,-54.12194941
431,-54.12236282
432,-54.12025984
433,-54.11946116
434,-54.12239528
435,-54.1225844
436,-54.12034851
437,-54.12160446
438,-54.12172668
439,-54.12096028
440,-54.12184286
441,-54.12096302
442,-54.12050869
443,-54.12201268
444,-54.12117815
445,-54.11955305
446,-54.11979498
447,-54.12061336
448,-54.12185845
449,-54.11887394
450,-54.1173987
451,-54.12154684
452,-54.12278531
453,-54.12020575
454,-54.12219255
455,-54.12166621
456,-54.1221938
457,-54.12141137
458,-54.11910185
459,-54.12094338
460,-54.12117344
461,-54.11981272
462,-54.12265223
463,-54.11919407
464,-54.12193289
465,-54.12112775
466,-54.12059574
467,-54.11925657
468,-54.12129983
469,-54.12028211
470,-54.1226528
471,-54.12205793
472,-54.12274665
473,-54.12203525
474,-54.12161229
475,-54.11935756
476,-54.11988093
477,-54.12207136
478,-54.11961922
479,-54.12204781
480,-54.12226958
481,-54.11949681
482,-54.12121326
483,-54.11866204
484,-54.12240547
485,-54.12020271
486,-54.12466907
487,-54.12073969
488,-54.1189885
489,-54.12197234
490,-54.1225473
491,-54.12144256
492,-54.12176533
493,-54.12338513
494,-54.12049547
495,-54.11995935
496,-54.12192494
497,-54.12093073
498,-54.12141774
499,-54.12193068
