,0
0,-86.35817616923738
1,-86.32580432411066
2,-86.31495391094093
3,-86.32078789855366
4,-86.32343845586531
5,-86.33797566607178
6,-86.3198749468139
7,-86.32651682742453
8,-86.31865223332092
9,-86.3358283104119
10,-86.32373996020867
11,-86.32230486627984
12,-86.33251200260177
13,-86.32816484732399
14,-86.31012830807937
15,-86.32175864391368
16,-86.33337375709927
17,-86.33748507625987
18,-86.31013551007075
19,-86.31734131573157
20,-86.3244810359757
21,-86.33570842498574
22,-86.31802208996677
23,-86.32784961254964
24,-86.3300929128572
25,-86.33622741341331
26,-86.325105855972
27,-86.3210802165677
28,-86.32399888635237
29,-86.32509144585423
30,-86.31885763284826
31,-86.32905222153687
32,-86.31956752304148
33,-86.310841776602
34,-86.3273213251898
35,-86.31356003887342
36,-86.32165848189521
37,-86.33427581275694
38,-86.3075878351838
39,-86.32531371558832
40,-86.33529654875723
41,-86.33206404852737
42,-86.32519505852713
43,-86.32670533973634
44,-86.32195572255773
45,-86.33090251053984
46,-86.32970421957445
47,-86.32752925542029
48,-86.33859703195758
49,-86.31883601213136
50,-86.33098119301272
51,-86.32428898396051
52,-86.32313922570378
53,-86.32135878377153
54,-86.32342861572941
55,-86.32692710172034
56,-86.3130807848194
57,-86.31731054827134
58,-86.32781728304514
59,-86.3159985919535
60,-86.3333269790287
61,-86.32962074572869
62,-86.32074813236035
63,-86.3316937464269
64,-86.32177862015294
65,-86.309856408009
66,-86.33367135704869
67,-86.32661339389033
68,-86.32425931024102
69,-86.33319953164944
70,-86.32344169791936
71,-86.33324998071234
72,-86.31025608947539
73,-86.3313441455734
74,-86.32708419525065
75,-86.33454251418475
76,-86.32115512471009
77,-86.31737831949818
78,-86.32447902249542
79,-86.31851621764514
80,-86.32613357492032
81,-86.31508706957581
82,-86.3258079705854
83,-86.32569212759043
84,-86.3215259770762
85,-86.33677973457702
86,-86.33227171899442
87,-86.34004926541239
88,-86.3151926144849
89,-86.32765578283231
90,-86.31121506840985
91,-86.31910326046628
92,-86.32463216391837
93,-86.33007555145333
94,-86.32889131685138
95,-86.33594782589995
96,-86.33710980281879
97,-86.32312974034893
98,-86.33321241456756
99,-86.33388189570137
100,-86.32886480534847
101,-86.33119434750498
102,-86.30404696567969
103,-86.32730142371435
104,-86.33357468516867
105,-86.32247259439876
106,-86.33211455214816
107,-86.33232739826022
108,-86.32969893223601
109,-86.33231434807391
110,-86.32761498143404
111,-86.3336365375637
112,-86.31487157850823
113,-86.32151681197654
114,-86.32482059430056
115,-86.32483526809877
116,-86.31808248996866
117,-86.31731712800595
118,-86.33998104869849
119,-86.3200675250644
120,-86.32937133331562
121,-86.31906622279138
122,-86.3149708879618
123,-86.31904395261697
124,-86.33732087868424
125,-86.33142668017634
126,-86.33646513383526
127,-86.33170745446247
128,-86.32748429717556
129,-86.32431612945534
130,-86.3201171959928
131,-86.33804598525808
132,-86.33751057720693
133,-86.31906475212976
134,-86.30736250052082
135,-86.32891597225385
136,-86.32122603651247
137,-86.31170212623196
138,-86.31349763991113
139,-86.33450555735098
140,-86.32988597680632
141,-86.3332042374836
142,-86.32450818170767
143,-86.33175552491507
144,-86.33176610272727
145,-86.32685141208053
146,-86.3276925031449
147,-86.30332862178594
148,-86.33181907351245
149,-86.33744642513358
150,-86.32720375359523
151,-86.32253125472627
152,-86.31134041066859
153,-86.3251813078986
154,-86.33087149519672
155,-86.32852233266816
156,-86.33550035515394
157,-86.32669539388621
158,-86.33803585569524
159,-86.32778269100032
160,-86.32818705753976
161,-86.32046629351869
162,-86.33358070378804
163,-86.33588606242823
164,-86.32150894853741
165,-86.31703670401207
166,-86.33688700547988
167,-86.31333769118068
168,-86.326866068424
169,-86.31714410870995
170,-86.31068068685862
171,-86.32635253177304
172,-86.30833262882506
173,-86.33019040111026
174,-86.32202928272864
175,-86.33151595510144
176,-86.32001607285406
177,-86.32682378314372
178,-86.33204083958641
179,-86.327541450754
180,-86.33015893750961
181,-86.32696468706602
182,-86.32033157846351
183,-86.32943157342724
184,-86.317761756888
185,-86.31798919020733
186,-86.32814665698339
187,-86.33204336200488
188,-86.32320607305125
189,-86.30490047678062
190,-86.33006811726756
191,-86.3337786832352
192,-86.32099476896103
193,-86.30315999917094
194,-86.32382982456099
195,-86.32100777839072
196,-86.32506593132202
197,-86.3321750952098
198,-86.31651707898443
