,0
0,-38.40177127
1,-38.38995745
2,-38.38606686
3,-38.38768581
4,-38.38785443
5,-38.39365611
6,-38.38655007
7,-38.38993899
8,-38.38746178
9,-38.39395971
10,-38.39306937
11,-38.39157208
12,-38.38942798
13,-38.38696236
14,-38.38837177
15,-38.38837749
16,-38.39039364
17,-38.38539363
18,-38.38707572
19,-38.3912247
20,-38.38513424
21,-38.38890261
22,-38.38889825
23,-38.39275829
24,-38.38951956
25,-38.38443988
26,-38.38832928
27,-38.39306371
28,-38.39381887
29,-38.3836165
30,-38.38718046
31,-38.39188905
32,-38.39134298
33,-38.38847561
34,-38.39113439
35,-38.38812053
36,-38.38380795
37,-38.39246239
38,-38.38992173
39,-38.38983735
40,-38.39244384
41,-38.38934081
42,-38.39385455
43,-38.38666617
44,-38.39065109
45,-38.39061463
46,-38.39256963
47,-38.38992934
48,-38.38772105
49,-38.38784243
50,-38.38918665
51,-38.39221317
52,-38.38253118
53,-38.39195523
54,-38.39044915
55,-38.39246705
56,-38.38656448
57,-38.38548204
58,-38.3881425
59,-38.38661485
60,-38.38686072
61,-38.39025352
62,-38.38786613
63,-38.38424922
64,-38.38961917
65,-38.38539887
66,-38.3879885
67,-38.39234761
68,-38.38339132
69,-38.3898869
70,-38.38977278
71,-38.38645745
72,-38.39000017
73,-38.38971286
74,-38.38865218
75,-38.39371946
76,-38.39149137
77,-38.39488317
78,-38.38627973
79,-38.39017484
80,-38.39307172
81,-38.39221221
82,-38.38943142
83,-38.38962023
84,-38.38786241
85,-38.39117205
86,-38.39053781
87,-38.39027473
88,-38.39372304
89,-38.38670888
90,-38.38313516
91,-38.38591138
92,-38.38937316
93,-38.39132875
94,-38.39056558
95,-38.39354922
96,-38.39432299
97,-38.38968999
98,-38.39266284
99,-38.39264398
100,-38.38743575
101,-38.38785677
102,-38.38734549
103,-38.39358003
104,-38.3898438
105,-38.38538411
106,-38.39043705
107,-38.39277215
108,-38.39469696
109,-38.38792597
110,-38.38895065
111,-38.39336644
112,-38.39238974
113,-38.39004026
114,-38.39056181
115,-38.39207545
116,-38.39171082
117,-38.38774441
118,-38.38923407
119,-38.38881504
120,-38.38714
121,-38.3878601
122,-38.39026491
123,-38.38589074
124,-38.38821439
125,-38.38151656
126,-38.38996927
127,-38.39441846
128,-38.39201499
129,-38.39379952
130,-38.39098087
131,-38.39580442
132,-38.38625819
133,-38.39222682
134,-38.39587575
135,-38.39517293
136,-38.38153513
137,-38.38922953
138,-38.38726165
139,-38.39103698
140,-38.38733384
141,-38.38491683
142,-38.39099735
143,-38.3881771
144,-38.3918841
145,-38.38860364
146,-38.38892327
147,-38.38639393
148,-38.39057754
149,-38.38595344
150,-38.39298782
151,-38.38587633
152,-38.3867284
153,-38.39151473
154,-38.38954428
155,-38.39250507
156,-38.39094841
157,-38.38935984
158,-38.38427419
159,-38.38867307
160,-38.38693986
161,-38.38764704
162,-38.38954745
163,-38.39072932
164,-38.3899233
165,-38.3911678
166,-38.38291129
167,-38.38720758
168,-38.39176964
169,-38.39092632
170,-38.389912
171,-38.38686313
172,-38.38813266
173,-38.39336631
174,-38.38799853
175,-38.38569293
176,-38.39014353
177,-38.39370508
178,-38.39058024
179,-38.38856479
180,-38.39219028
181,-38.38673899
182,-38.39101999
183,-38.38978438
184,-38.39083058
185,-38.3916109
186,-38.38713301
187,-38.39301652
188,-38.38996677
189,-38.38797169
190,-38.3923294
191,-38.38807621
192,-38.39191297
193,-38.38433279
194,-38.38921404
195,-38.3883941
196,-38.38928973
197,-38.38927947
198,-38.3880829
199,-38.38429892
200,-38.39022324
201,-38.39351503
202,-38.39200809
203,-38.38879309
204,-38.39263915
205,-38.39005939
206,-38.39166735
207,-38.39013845
208,-38.39128519
209,-38.3892213
210,-38.38862575
211,-38.39419776
212,-38.39384267
213,-38.39501276
214,-38.39157311
215,-38.3867411
216,-38.38889531
217,-38.38895684
218,-38.3918716
219,-38.39079607
220,-38.39377851
221,-38.38806927
222,-38.39352302
223,-38.38949413
224,-38.38609157
225,-38.38964008
226,-38.38925848
227,-38.38638022
228,-38.39128459
229,-38.38287904
230,-38.39204296
231,-38.39072639
232,-38.38494478
233,-38.39184361
234,-38.39002908
235,-38.38926963
236,-38.38860447
237,-38.38992012
238,-38.38550451
239,-38.39191059
240,-38.39202195
241,-38.38773493
242,-38.38039867
243,-38.38753703
244,-38.39078483
245,-38.38871591
246,-38.38915421
247,-38.38934021
248,-38.39385117
249,-38.39266625
250,-38.38524831
251,-38.38813403
252,-38.38514441
253,-38.38572813
254,-38.39139965
255,-38.39451005
256,-38.38223366
257,-38.38426432
258,-38.39168861
259,-38.39124626
260,-38.39069159
261,-38.39036822
262,-38.38764333
263,-38.38341566
264,-38.38700487
265,-38.39090944
266,-38.38713167
267,-38.38797079
268,-38.39211493
269,-38.39564281
270,-38.39007438
271,-38.38991697
272,-38.38930333
273,-38.39394391
274,-38.38826428
275,-38.38790435
276,-38.38660034
277,-38.39307114
278,-38.39411139
279,-38.38889327
280,-38.39215099
281,-38.39312172
282,-38.38617925
283,-38.39117054
284,-38.39029539
285,-38.39177528
286,-38.38718925
287,-38.39006116
288,-38.39345363
289,-38.39328684
290,-38.38541552
291,-38.38362404
292,-38.39088246
293,-38.38379414
294,-38.39036153
295,-38.38070885
296,-38.38792385
297,-38.39031588
298,-38.38745071
299,-38.38655841
