****************************************************************************************************
     Average of energy (eV atom^-1)
----------------------------------------------------------------------------------------------------
          -5.74661568
****************************************************************************************************
     Average of force (X Y Z) (eV ang^-1 atom^-1)
----------------------------------------------------------------------------------------------------
           0.00000000      0.00000000      0.00000000
****************************************************************************************************
     Average of stress (XX YY ZZ XY XZ YZ) (GPa atom^-1)
----------------------------------------------------------------------------------------------------
           0.00015317      0.00015317      0.00015317      0.00000000      0.00000000      0.00000000
****************************************************************************************************
     Variance of energy (eV atom^-1)
----------------------------------------------------------------------------------------------------
           0.00000001
****************************************************************************************************
     Variance of force (X Y Z) (eV ang^-1 atom^-1)
----------------------------------------------------------------------------------------------------
           0.00000000      0.00000000      0.00000000
****************************************************************************************************
     Variance of stress (XX YY ZZ XY XZ YZ) (GPa atom^-1)
----------------------------------------------------------------------------------------------------
           0.00086361      0.00086361      0.00086361      0.00000000      0.00000000      0.00000000
****************************************************************************************************
     Normalized histogram
     X, HIS_E, HIS_F, HIS_S
----------------------------------------------------------------------------------------------------
     -3.00000000      0.00000000      0.00000000      0.00000000      0.00000000      0.00000000      0.00000000      0.00000000      0.00000000      0.00000000      0.00000000
     -2.70000000      0.00000000      0.00000000      0.00000000      0.00000000      0.00000000      0.00000000      0.00000000      0.00000000      0.00000000      0.00000000
     -2.40000000      0.00000000      0.00000000      0.00000000      0.00000000      0.00000000      0.00000000      0.00000000      0.00000000      0.00000000      0.00000000
     -2.10000000      0.00000000      0.00000000      0.03125000      0.00000000      0.00000000      0.00000000      0.00000000      0.00000000      0.00000000      0.00000000
     -1.80000000      0.00000000      0.06250000      0.06250000      0.03125000      0.00000000      0.00000000      0.00000000      0.00000000      0.00000000      0.00000000
     -1.50000000      0.00000000      0.12500000      0.03125000      0.06250000      0.00000000      0.00000000      0.00000000      0.00000000      0.00000000      0.00000000
     -1.20000000      0.50000000      0.09375000      0.12500000      0.15625000      0.50000000      0.50000000      0.50000000      0.50000000      0.50000000      0.50000000
     -0.90000000      0.00000000      0.06250000      0.03125000      0.15625000      0.00000000      0.00000000      0.00000000      0.00000000      0.00000000      0.00000000
     -0.60000000      0.00000000      0.00000000      0.15625000      0.09375000      0.00000000      0.00000000      0.00000000      0.00000000      0.00000000      0.00000000
     -0.30000000      0.00000000      0.12500000      0.06250000      0.00000000      0.00000000      0.00000000      0.00000000      0.00000000      0.00000000      0.00000000
     -0.00000000      0.00000000      0.15625000      0.09375000      0.00000000      0.00000000      0.00000000      0.00000000      0.00000000      0.00000000      0.00000000
      0.30000000      0.00000000      0.03125000      0.12500000      0.03125000      0.00000000      0.00000000      0.00000000      0.00000000      0.00000000      0.00000000
      0.60000000      0.00000000      0.12500000      0.06250000      0.18750000      0.00000000      0.00000000      0.00000000      0.00000000      0.00000000      0.00000000
      0.90000000      0.50000000      0.06250000      0.06250000      0.18750000      0.50000000      0.50000000      0.50000000      0.50000000      0.50000000      0.50000000
      1.20000000      0.00000000      0.12500000      0.09375000      0.06250000      0.00000000      0.00000000      0.00000000      0.00000000      0.00000000      0.00000000
      1.50000000      0.00000000      0.00000000      0.03125000      0.03125000      0.00000000      0.00000000      0.00000000      0.00000000      0.00000000      0.00000000
      1.80000000      0.00000000      0.03125000      0.03125000      0.00000000      0.00000000      0.00000000      0.00000000      0.00000000      0.00000000      0.00000000
      2.10000000      0.00000000      0.00000000      0.00000000      0.00000000      0.00000000      0.00000000      0.00000000      0.00000000      0.00000000      0.00000000
      2.40000000      0.00000000      0.00000000      0.00000000      0.00000000      0.00000000      0.00000000      0.00000000      0.00000000      0.00000000      0.00000000
      2.70000000      0.00000000      0.00000000      0.00000000      0.00000000      0.00000000      0.00000000      0.00000000      0.00000000      0.00000000      0.00000000
