,0
0,-86.78177188
1,-86.75002144
2,-86.73958275
3,-86.74521993
4,-86.7477769
5,-86.76192176
6,-86.74429189
7,-86.75078403
8,-86.74304197
9,-86.75976829
10,-86.75759557
11,-86.7551591
12,-86.7485521
13,-86.74751283
14,-86.74583791
15,-86.74782703
16,-86.75119129
17,-86.73777274
18,-86.74194355
19,-86.75213822
20,-86.74036492
21,-86.74806617
22,-86.7467358
23,-86.75674784
24,-86.75232369
25,-86.73457561
26,-86.74619249
27,-86.75746354
28,-86.76148625
29,-86.73480952
30,-86.74188501
31,-86.75746237
32,-86.75381792
33,-86.74519988
34,-86.75587544
35,-86.74616826
36,-86.73459382
37,-86.75781019
38,-86.7508817
39,-86.74851114
40,-86.75733046
41,-86.74881239
42,-86.75974218
43,-86.74253549
44,-86.75199146
45,-86.75432981
46,-86.7602541
47,-86.74942272
48,-86.74552937
49,-86.74826944
50,-86.74781913
51,-86.75731458
52,-86.73471166
53,-86.75543995
54,-86.75134223
55,-86.75862222
56,-86.74548833
57,-86.74195359
58,-86.74872829
59,-86.74304682
60,-86.74335471
61,-86.75335024
62,-86.74403027
63,-86.73561472
64,-86.75168312
65,-86.73811613
66,-86.74601595
67,-86.75842753
68,-86.73254043
69,-86.74946719
70,-86.75046447
71,-86.73940901
72,-86.74997486
73,-86.74987884
74,-86.74595196
75,-86.76077722
76,-86.75644346
77,-86.76390278
78,-86.73988069
79,-86.75178332
80,-86.75938128
81,-86.75630078
82,-86.74938575
83,-86.75088012
84,-86.74627152
85,-86.75508644
86,-86.75389309
87,-86.75181118
88,-86.76262342
89,-86.74332111
90,-86.73587965
91,-86.74351529
92,-86.74895198
93,-86.75423537
94,-86.75315172
95,-86.75992615
96,-86.76113831
97,-86.74755978
98,-86.7572611
99,-86.7579632
100,-86.74662457
101,-86.74739649
102,-86.74291917
103,-86.75963627
104,-86.74946774
105,-86.73539794
106,-86.75391485
107,-86.75828998
108,-86.76371335
109,-86.74891373
110,-86.74820391
111,-86.7594331
112,-86.75536056
113,-86.75217806
114,-86.75254363
115,-86.75574833
116,-86.75676354
117,-86.74763958
118,-86.75098806
119,-86.74713774
120,-86.74693842
121,-86.74375602
122,-86.75174427
123,-86.7425982
124,-86.74851068
125,-86.73152895
126,-86.75107918
127,-86.76165137
128,-86.75696472
129,-86.75949187
130,-86.75375003
131,-86.76416436
132,-86.74168054
133,-86.75665001
134,-86.76444514
135,-86.76358097
136,-86.72553208
137,-86.74597801
138,-86.74243888
139,-86.75145031
140,-86.74172488
141,-86.74238442
142,-86.75588824
143,-86.74434469
144,-86.7547119
145,-86.7471793
146,-86.74696339
147,-86.7412168
148,-86.75364707
149,-86.74263039
150,-86.75867475
151,-86.74365947
152,-86.74396819
153,-86.75668841
154,-86.74696032
155,-86.75724908
156,-86.75396866
157,-86.74990655
158,-86.73536553
159,-86.74930309
160,-86.74421209
161,-86.74651228
162,-86.74895077
163,-86.75281696
164,-86.74871794
165,-86.75266349
166,-86.73462822
167,-86.74116015
168,-86.75356761
169,-86.75415059
170,-86.75041933
171,-86.74309415
172,-86.74807871
173,-86.76084611
174,-86.74665823
175,-86.73971404
176,-86.75196969
177,-86.75808561
178,-86.75386275
179,-86.74988992
180,-86.75662233
181,-86.74543277
182,-86.75229205
183,-86.75215377
184,-86.75317064
185,-86.75411906
186,-86.74594055
187,-86.75821071
188,-86.7500104
189,-86.74820237
190,-86.75649685
191,-86.74179781
192,-86.75700634
193,-86.73481141
194,-86.7489607
195,-86.7457767
196,-86.7497155
197,-86.74875377
198,-86.74692751
199,-86.74005215
200,-86.75344891
201,-86.75872294
202,-86.75425926
203,-86.74668946
204,-86.75868578
205,-86.74986154
206,-86.7546497
207,-86.75209572
208,-86.75522534
209,-86.74929788
210,-86.74650108
211,-86.76184726
212,-86.76032337
213,-86.76513049
214,-86.75491707
215,-86.74305282
216,-86.7494471
217,-86.75028484
218,-86.75737153
219,-86.7519658
220,-86.76193679
221,-86.74816355
222,-86.75885944
223,-86.75203836
224,-86.73960878
225,-86.74834284
226,-86.74922268
227,-86.74435849
228,-86.75321877
229,-86.73039407
230,-86.75581229
231,-86.75422979
232,-86.73575383
233,-86.75670196
234,-86.75082848
235,-86.748898
236,-86.74642338
237,-86.75177626
238,-86.73791587
239,-86.75733167
240,-86.75638218
241,-86.74445905
242,-86.72684744
243,-86.74620797
244,-86.755515
245,-86.74900493
246,-86.75117656
247,-86.74894583
248,-86.75986488
249,-86.75700862
250,-86.73830392
251,-86.74873491
252,-86.73804948
253,-86.74038137
254,-86.75291616
255,-86.76268171
256,-86.7302642
257,-86.7369991
258,-86.75583577
259,-86.75317852
260,-86.75055298
261,-86.75151331
262,-86.74585628
263,-86.73385227
264,-86.74312461
265,-86.75272105
266,-86.7447466
267,-86.74517764
268,-86.75713341
269,-86.76575281
270,-86.74965825
271,-86.75010672
272,-86.75074425
273,-86.76251264
274,-86.74725466
275,-86.74479349
276,-86.74417367
277,-86.75816652
278,-86.76065147
279,-86.74932192
280,-86.75525584
281,-86.75836676
282,-86.74219797
283,-86.75619911
284,-86.75294186
285,-86.75542764
286,-86.74362046
287,-86.75051309
288,-86.75973072
289,-86.75774571
290,-86.74005036
291,-86.74014377
292,-86.7531945
293,-86.73150583
294,-86.75128871
295,-86.72729425
296,-86.74569908
297,-86.74959682
298,-86.74613984
299,-86.74050723
