,0
0,-113.4728361638424
1,-113.46505668371974
2,-113.46338793379498
3,-113.462130148794
4,-113.46480025348099
5,-113.45992792751112
6,-113.45945306246536
7,-113.46326969611212
8,-113.4602797989094
9,-113.46416925646551
10,-113.46482039104018
11,-113.46151500383027
12,-113.4566918664348
13,-113.46561463681728
14,-113.46348594444505
15,-113.46154968262364
16,-113.46315907662573
17,-113.45441412559865
18,-113.46303125483314
19,-113.46441099964893
20,-113.45896453779979
21,-113.46084934226039
22,-113.46303397903615
23,-113.46350287989819
24,-113.46069229423435
25,-113.46319188077676
26,-113.46349736353866
27,-113.46613145231467
28,-113.46256770530611
29,-113.45784068899535
30,-113.46204016209695
31,-113.46231307166498
32,-113.46156400678622
33,-113.4640793910587
34,-113.46481310454627
35,-113.46347679575696
36,-113.45660589587783
37,-113.46035339218386
38,-113.46367640855512
39,-113.461712728169
40,-113.46121850421996
41,-113.46273838338163
42,-113.46241482534029
43,-113.46340288250344
44,-113.46238824072955
45,-113.45766771389525
46,-113.46244268091404
47,-113.46057611839505
48,-113.46138673467443
49,-113.4637005069772
50,-113.46305546918971
51,-113.46428824937041
52,-113.4605330608456
53,-113.46064717662401
54,-113.46067626270104
55,-113.46221125063941
56,-113.4627192394034
57,-113.46329223373402
58,-113.46278041008144
59,-113.46209285455656
60,-113.46393017069208
61,-113.46318731595377
62,-113.46320666256783
63,-113.45831846691361
64,-113.46291269090405
65,-113.46086866838878
66,-113.46503120686303
67,-113.45762827294816
68,-113.45760969867678
69,-113.4615367805944
70,-113.46524538878396
71,-113.46213627272576
72,-113.46493011786426
73,-113.46762536536357
74,-113.46096150771017
75,-113.46324701752522
76,-113.46248397635037
77,-113.4648542190749
78,-113.46487322986964
79,-113.46171751179563
80,-113.4637509389574
81,-113.46762745315063
82,-113.46451516452463
83,-113.4592279572177
84,-113.46172542772676
85,-113.46669717840543
86,-113.46058086757779
87,-113.46550129820636
88,-113.46273271903856
89,-113.46111154366031
90,-113.4634618462952
91,-113.46235572962064
92,-113.4646776117317
93,-113.46220463032282
94,-113.46174891377038
95,-113.46342177669665
96,-113.46472868578137
97,-113.46219671346631
98,-113.46134103232208
99,-113.46169007249391
100,-113.46293108917142
101,-113.46548214344547
102,-113.4609058420746
103,-113.46358113169002
104,-113.4616780449789
105,-113.46095548423496
106,-113.46363635618971
107,-113.46342331074358
108,-113.46605105836193
109,-113.46148326842368
110,-113.46493146028308
111,-113.46661930656589
112,-113.46721303931177
113,-113.46205312710794
114,-113.45683976502795
115,-113.46438465275519
116,-113.45885149677468
117,-113.46403597927271
118,-113.46262925634595
119,-113.46379377685714
120,-113.46581071944682
121,-113.46163268222698
122,-113.46380499053959
123,-113.45924936962736
124,-113.46335991621758
125,-113.46006667519191
126,-113.46536256843505
127,-113.4614347208967
128,-113.46412008518924
129,-113.46292734486893
130,-113.46246010429958
131,-113.4649064936828
132,-113.46081162962716
133,-113.46323904169356
134,-113.46794173097312
135,-113.46581218915354
136,-113.46445792089244
137,-113.46391475464088
138,-113.46373567611211
139,-113.45858555317164
140,-113.46282031796406
141,-113.46050532115645
142,-113.46226135002844
143,-113.46211980956082
144,-113.46173799523368
145,-113.46315191197968
146,-113.4630165476193
147,-113.46137986215983
148,-113.46349627871653
149,-113.4601072551049
150,-113.4627294308027
151,-113.46266316736391
152,-113.46214037264801
153,-113.46255644351352
154,-113.45957792207228
155,-113.46286033094358
156,-113.46257634696013
157,-113.46241371233259
158,-113.45906293594197
159,-113.46101479454286
160,-113.46182114815737
161,-113.46198018785458
162,-113.46295530644485
163,-113.4649866808029
164,-113.46013525745724
165,-113.46045695449853
166,-113.46227233315592
167,-113.46377730121155
168,-113.4630952640168
169,-113.46047120902197
170,-113.46436987793393
171,-113.46506592660376
172,-113.45985789975208
173,-113.46490889245473
174,-113.4635412595788
175,-113.45743619664935
176,-113.46447916839786
177,-113.4616695750876
178,-113.4623390903817
179,-113.46094188920168
180,-113.46244521555352
181,-113.46155924606057
182,-113.46152221146505
183,-113.4620643660162
184,-113.4591115216487
185,-113.46196021130098
186,-113.45999447944175
187,-113.46428267239071
188,-113.46058714769224
189,-113.4626267443209
190,-113.46595008297592
191,-113.46229469076764
192,-113.46587264667984
193,-113.46145439809885
194,-113.46260759807933
195,-113.46458887394895
196,-113.45653027614259
197,-113.46219975570291
198,-113.46370882938069
199,-113.46260006188817
