****************************************************************************************************
     Results at          0 MD step.
====================================================================================================
     Total energies (eV)
----------------------------------------------------------------------------------------------------
       -66.075241   -66.075241
       -66.075263   -66.075263
====================================================================================================
     Forces (eV ang.^-1)
----------------------------------------------------------------------------------------------------
        -0.000000     0.000000
         0.000000     0.000000
         0.000000     0.000000
        -0.000000     0.000000
         0.000000     0.000000
        -0.000000    -0.000000
        -0.000000     0.000000
         0.000000     0.000000
         0.000000    -0.000000
        -0.000000     0.000000
        -0.000000     0.000000
         0.000000     0.000000
        -0.000000     0.000000
        -0.000000     0.000000
         0.000000     0.000000
         0.000000    -0.000000
        -0.000000    -0.000000
        -0.000000     0.000000
         0.000000    -0.000000
         0.000000    -0.000000
         0.000000     0.000000
        -0.000000    -0.000000
        -0.000000    -0.000000
        -0.000000    -0.000000
         0.000000    -0.000000
        -0.000000    -0.000000
        -0.000000    -0.000000
         0.000000    -0.000000
        -0.000000     0.000000
        -0.000000     0.000000
         0.000000     0.000000
        -0.000000    -0.000000
        -0.000000     0.000000
         0.000000     0.000000
         0.000000     0.000000
        -0.000000     0.000000
         0.000000    -0.000000
        -0.000000    -0.000000
        -0.000000    -0.000000
         0.000000    -0.000000
        -0.000000     0.000000
        -0.000000    -0.000000
         0.000000     0.000000
        -0.000000    -0.000000
        -0.000000    -0.000000
         0.000000     0.000000
        -0.000000     0.000000
        -0.000000     0.000000
        -0.000000     0.000000
         0.000000    -0.000000
        -0.000000     0.000000
        -0.000000     0.000000
        -0.000000    -0.000000
        -0.000000     0.000000
        -0.000000     0.000000
         0.000000     0.000000
         0.000000     0.000000
         0.000000     0.000000
         0.000000     0.000000
         0.000000     0.000000
         0.000000     0.000000
         0.000000     0.000000
        -0.000000     0.000000
         0.000000     0.000000
         0.000000     0.000000
         0.000000     0.000000
         0.000000     0.000000
         0.000000     0.000000
         0.000000     0.000000
         0.000000     0.000000
        -0.000000     0.000000
        -0.000000     0.000000
         0.000000     0.000000
        -0.000000     0.000000
         0.000000     0.000000
         0.000000     0.000000
        -0.000000     0.000000
         0.000000     0.000000
         0.000000     0.000000
        -0.000000     0.000000
         0.000000     0.000000
         0.000000     0.000000
        -0.000000     0.000000
         0.000000     0.000000
         0.000000     0.000000
        -0.000000     0.000000
         0.000000     0.000000
         0.000000     0.000000
        -0.000000     0.000000
         0.000000     0.000000
         0.000000     0.000000
        -0.000000     0.000000
         0.000000     0.000000
         0.000000     0.000000
        -0.000000     0.000000
         0.000000     0.000000
====================================================================================================
     Stress (kbar)
----------------------------------------------------------------------------------------------------
        -0.275461    -0.077167
         0.000000     0.000000
         0.000000     0.000000
        -0.275461    -0.077167
        -0.000000     0.000000
        -0.275461    -0.077167
         0.102479    -0.077238
        -0.000000     0.000000
        -0.000000     0.000000
         0.102479    -0.077238
        -0.000000     0.000000
         0.102479    -0.077238
