,0
0,-60.30348766
1,-60.29682672
2,-60.29658902
3,-60.29837479
4,-60.29682351
5,-60.29833107
6,-60.29640852
7,-60.29626918
8,-60.29565535
9,-60.29632716
10,-60.29822264
11,-60.29859888
12,-60.29722781
13,-60.29683915
14,-60.29807157
15,-60.29658046
16,-60.29754274
17,-60.29764337
18,-60.2981424
19,-60.29845562
20,-60.29503288
21,-60.29862831
22,-60.29635733
23,-60.29875615
24,-60.29712957
25,-60.29307626
26,-60.29941515
27,-60.29875005
28,-60.2993051
29,-60.29472173
30,-60.29589844
31,-60.29924329
32,-60.2959729
33,-60.29756807
34,-60.30015589
35,-60.29928009
36,-60.2960352
37,-60.29883234
38,-60.29729065
39,-60.29606115
40,-60.29841306
41,-60.29764393
42,-60.29707966
43,-60.29687863
44,-60.29582199
45,-60.29815297
46,-60.29895776
47,-60.29750675
48,-60.29758712
49,-60.29740769
50,-60.29826772
51,-60.29803248
52,-60.29352799
53,-60.29734685
54,-60.29774903
55,-60.29849926
56,-60.29469453
57,-60.2948316
58,-60.29449154
59,-60.29731006
60,-60.29779389
61,-60.30018835
62,-60.29780161
63,-60.29593254
64,-60.29871427
65,-60.29558682
66,-60.29832542
67,-60.29922612
68,-60.29814988
69,-60.2955135
70,-60.29864882
71,-60.2953628
72,-60.29457192
73,-60.29667071
74,-60.29817288
75,-60.2988528
76,-60.29822478
77,-60.29802047
78,-60.29716255
79,-60.29643344
80,-60.29788842
81,-60.29995674
82,-60.29669162
83,-60.29807496
84,-60.29694821
85,-60.29855366
86,-60.29771196
87,-60.29721202
88,-60.29861701
89,-60.29637936
90,-60.29683226
91,-60.29482944
92,-60.29668919
93,-60.29872028
94,-60.29815018
95,-60.29881362
96,-60.29991701
97,-60.29684728
98,-60.2969962
99,-60.29875331
100,-60.29599837
101,-60.29606011
102,-60.29863679
103,-60.29956033
104,-60.29701535
105,-60.29627713
106,-60.29717746
107,-60.29841466
108,-60.29949647
109,-60.29581462
110,-60.29712582
111,-60.30028118
112,-60.29886602
113,-60.29810966
114,-60.29805384
115,-60.29827682
116,-60.29973736
117,-60.29630954
118,-60.29815768
119,-60.29705188
120,-60.29440706
121,-60.29713579
122,-60.29612996
123,-60.29621627
124,-60.29920679
125,-60.29374249
126,-60.29750051
127,-60.29885446
128,-60.29843951
129,-60.30024903
130,-60.29641177
131,-60.29969874
132,-60.29595555
133,-60.29868668
134,-60.29879773
135,-60.29883284
136,-60.29443534
137,-60.29930536
138,-60.29652193
139,-60.29883844
140,-60.29633418
141,-60.29704595
142,-60.29783618
143,-60.29805839
144,-60.29681889
145,-60.29721988
146,-60.29632511
147,-60.29494376
148,-60.29816321
149,-60.2955963
150,-60.29968575
151,-60.29556174
152,-60.29619179
153,-60.29791294
154,-60.29753738
155,-60.29800215
156,-60.29883584
157,-60.2972315
158,-60.29573927
159,-60.2951668
160,-60.2961482
161,-60.29431647
162,-60.29869587
163,-60.29967679
164,-60.2974019
165,-60.29759673
166,-60.29428326
167,-60.29848351
168,-60.29762006
169,-60.29781374
170,-60.29720049
171,-60.29780258
172,-60.2962518
173,-60.30027547
174,-60.29446606
175,-60.2966247
176,-60.29856714
177,-60.29977245
178,-60.29871826
179,-60.29488439
180,-60.29835653
181,-60.29710569
182,-60.29829547
183,-60.29818609
184,-60.29760201
185,-60.29751406
186,-60.29675693
187,-60.29879518
188,-60.29608091
189,-60.29639984
190,-60.29818125
191,-60.29753229
192,-60.29919999
193,-60.29620169
194,-60.29769603
195,-60.29531683
196,-60.294395
197,-60.29664624
198,-60.2972399
199,-60.29575585
200,-60.29785987
201,-60.29891598
202,-60.29748771
203,-60.29728171
204,-60.30008437
205,-60.2960443
206,-60.29807124
207,-60.29643606
208,-60.29929286
209,-60.2973801
210,-60.29663384
211,-60.29891309
212,-60.29923994
213,-60.30036598
214,-60.29781529
215,-60.29738647
216,-60.29736804
217,-60.29863709
218,-60.29882662
219,-60.29708163
220,-60.2996898
221,-60.29700653
222,-60.29883413
223,-60.29605933
224,-60.29609938
225,-60.29745262
226,-60.29856281
227,-60.29794509
228,-60.29908108
229,-60.29429251
230,-60.29923873
231,-60.29684104
232,-60.29420886
233,-60.29774584
234,-60.29403028
235,-60.29492584
236,-60.29805206
237,-60.29849544
238,-60.29663959
239,-60.29787618
240,-60.29949858
241,-60.29715049
242,-60.29309225
243,-60.29865822
244,-60.29858391
245,-60.29690904
246,-60.29840522
247,-60.29797481
248,-60.29866964
249,-60.29868676
250,-60.29727204
251,-60.29515025
252,-60.29556977
253,-60.2965982
254,-60.29720097
255,-60.29749028
256,-60.29364255
257,-60.29478655
258,-60.29936719
259,-60.29765926
260,-60.29483414
261,-60.29810913
262,-60.29480128
263,-60.29447944
264,-60.29782758
265,-60.29744214
266,-60.2964356
267,-60.29670893
268,-60.29694258
269,-60.29973577
270,-60.29529908
271,-60.29735977
272,-60.29798608
273,-60.30049228
274,-60.29837014
275,-60.29523535
276,-60.29507359
277,-60.29914913
278,-60.29722707
279,-60.29657957
280,-60.29862522
281,-60.29844902
282,-60.29572324
283,-60.300169
284,-60.2965188
285,-60.29559416
286,-60.29587918
287,-60.29717051
288,-60.2975787
289,-60.29757314
290,-60.2980735
291,-60.29727754
292,-60.2976505
293,-60.29716083
294,-60.2967983
295,-60.296378
296,-60.29660745
297,-60.2979121
298,-60.29781564
299,-60.2960654
