,0
0,-66.18763799
1,-66.16597728
2,-66.15900698
3,-66.16248228
4,-66.16404056
5,-66.17319355
6,-66.16131943
7,-66.16637342
8,-66.16224627
9,-66.17301006
10,-66.17139877
11,-66.16926784
12,-66.16570654
13,-66.16278577
14,-66.16337528
15,-66.16439295
16,-66.1662206
17,-66.15849593
18,-66.16125327
19,-66.16818513
20,-66.15868835
21,-66.16450165
22,-66.16445318
23,-66.17102511
24,-66.16632055
25,-66.15504977
26,-66.16393774
27,-66.17130664
28,-66.173505
29,-66.15534502
30,-66.16084561
31,-66.17078524
32,-66.16866087
33,-66.16284908
34,-66.16949084
35,-66.16345269
36,-66.15564717
37,-66.17091563
38,-66.1659675
39,-66.16506376
40,-66.17100569
41,-66.16524894
42,-66.17296887
43,-66.16058861
44,-66.16719079
45,-66.16861108
46,-66.17232892
47,-66.16572093
48,-66.16280943
49,-66.16365961
50,-66.16489849
51,-66.17055392
52,-66.15371062
53,-66.16943131
54,-66.16681241
55,-66.1712422
56,-66.16154865
57,-66.15974459
58,-66.16405432
59,-66.16081263
60,-66.16148782
61,-66.16741693
62,-66.16276127
63,-66.15690704
64,-66.16698977
65,-66.1585803
66,-66.1632148
67,-66.17104971
68,-66.15528045
69,-66.16530713
70,-66.16597795
71,-66.15900584
72,-66.1655939
73,-66.16557535
74,-66.1632738
75,-66.17302483
76,-66.17015755
77,-66.17471317
78,-66.1585276
79,-66.16672156
80,-66.17202482
81,-66.17053104
82,-66.16523648
83,-66.16553773
84,-66.16315145
85,-66.16904311
86,-66.16820846
87,-66.16737568
88,-66.17397765
89,-66.16119003
90,-66.15499258
91,-66.16079755
92,-66.16488565
93,-66.1687951
94,-66.16768539
95,-66.17243303
96,-66.17388038
97,-66.16499955
98,-66.17124866
99,-66.17119101
100,-66.17187509
101,-66.16068712
102,-66.16183106
103,-66.17001007
104,-66.16502955
105,-66.17068619
106,-66.16823192
107,-66.16507538
108,-66.1558919
109,-66.1649327
110,-66.16173495
111,-66.16292595
112,-66.16554471
113,-66.16788718
114,-66.16569423
115,-66.16812761
116,-66.15415144
117,-66.16078822
118,-66.16918674
119,-66.16892054
120,-66.16613953
121,-66.16135803
122,-66.16401745
123,-66.17292399
124,-66.16338721
125,-66.15842797
126,-66.16659096
127,-66.1719779
128,-66.16824056
129,-66.16490184
130,-66.17030354
131,-66.16238518
132,-66.1674318
133,-66.16695458
134,-66.16846351
135,-66.16891409
136,-66.16252168
137,-66.17141524
138,-66.16599029
139,-66.16379119
140,-66.17010279
141,-66.16165511
142,-66.17024412
143,-66.15550864
144,-66.1649616
145,-66.16306565
146,-66.16533847
147,-66.16519498
148,-66.16384941
149,-66.15790252
150,-66.1678598
151,-66.17217631
152,-66.1694103
153,-66.16370461
154,-66.17179936
155,-66.16617425
156,-66.16930668
157,-66.16684213
158,-66.16882758
159,-66.16513999
160,-66.16416796
161,-66.17400331
162,-66.17294779
163,-66.1758355
164,-66.16916519
165,-66.16168026
166,-66.16487495
167,-66.16544509
168,-66.17033087
169,-66.16744077
170,-66.17362939
171,-66.16424006
172,-66.1722949
173,-66.16713624
174,-66.15919486
175,-66.1651267
176,-66.16559251
177,-66.16120623
178,-66.16863996
179,-66.15191907
180,-66.16992407
181,-66.16844678
182,-66.15704321
183,-66.17017714
184,-66.16645299
185,-66.1649357
186,-66.16360796
187,-66.16696678
188,-66.15802447
189,-66.17076586
190,-66.17005063
191,-66.16207812
192,-66.1504606
193,-66.16242943
194,-66.16909049
195,-66.16405475
196,-66.16562855
197,-66.16505391
198,-66.17282306
199,-66.17091956
200,-66.15835878
201,-66.16440179
202,-66.15809884
203,-66.15886322
204,-66.1681615
205,-66.17444809
206,-66.1517139
207,-66.15735599
208,-66.16991691
209,-66.16753006
210,-66.16653117
211,-66.16745929
212,-66.1627616
213,-66.15521754
214,-66.1619068
215,-66.16782896
216,-66.16227422
217,-66.16253169
218,-66.17039556
219,-66.17701477
220,-66.16568663
221,-66.16596419
222,-66.16606152
223,-66.17387127
224,-66.16358878
225,-66.16211904
226,-66.1612263
227,-66.17183928
228,-66.17338391
229,-66.16447529
230,-66.16986114
231,-66.1712894
232,-66.15952703
233,-66.16961083
234,-66.16753923
235,-66.16906097
236,-66.16130361
237,-66.16675036
238,-66.17278161
239,-66.17149699
240,-66.15867764
241,-66.15682191
242,-66.16828992
243,-66.15399182
244,-66.16646321
245,-66.15033213
246,-66.16279827
247,-66.16703624
248,-66.16279007
249,-66.15914323
250,-66.15441064
251,-66.16624112
252,-66.16788619
253,-66.16707552
254,-66.15553448
255,-66.1667526
256,-66.15450681
257,-66.15471138
258,-66.17074856
259,-66.16705299
260,-66.15525924
261,-66.1608525
262,-66.157848
263,-66.16703099
264,-66.16615329
265,-66.16915997
266,-66.16629306
267,-66.1652778
268,-66.15924661
269,-66.15842511
270,-66.16865227
271,-66.17427132
272,-66.16432401
273,-66.17185861
274,-66.16727378
275,-66.16184888
276,-66.16838184
277,-66.16087304
278,-66.1546022
279,-66.16884281
280,-66.16546
281,-66.1644627
282,-66.16661364
283,-66.1758993
284,-66.16723664
285,-66.16923492
286,-66.1560859
287,-66.16795607
288,-66.17082036
289,-66.15918293
290,-66.16322021
291,-66.17056122
292,-66.1644202
293,-66.17280566
294,-66.16743575
295,-66.16707423
296,-66.1728854
297,-66.16659258
298,-66.16877101
299,-66.16927793
300,-66.16269072
301,-66.17155213
302,-66.16466469
303,-66.17099726
304,-66.15922186
305,-66.16144086
306,-66.157461
307,-66.16651591
308,-66.16322144
309,-66.16173175
310,-66.15610741
311,-66.17287169
312,-66.1685861
313,-66.16721286
314,-66.16689443
315,-66.16907747
316,-66.16403518
317,-66.16654966
318,-66.15990516
319,-66.17552738
320,-66.16828422
321,-66.17471643
322,-66.17471913
323,-66.16922006
324,-66.16753869
325,-66.16025944
326,-66.17028963
327,-66.16027754
328,-66.15519937
329,-66.16009133
330,-66.15839489
331,-66.16451055
332,-66.1637012
333,-66.16408943
334,-66.16754222
335,-66.16480631
336,-66.16107701
337,-66.16914158
338,-66.15863021
339,-66.16590722
340,-66.16973794
341,-66.17256501
342,-66.15855518
343,-66.17209768
344,-66.15979722
345,-66.1670555
346,-66.17472104
347,-66.15977616
348,-66.14867899
349,-66.16792718
350,-66.16238073
351,-66.16029351
352,-66.15378571
353,-66.17217218
354,-66.16947993
355,-66.17212861
356,-66.16985056
357,-66.15498574
358,-66.17316228
359,-66.1713878
360,-66.17193733
361,-66.16409022
362,-66.16510687
363,-66.17464697
364,-66.15805576
365,-66.17183964
366,-66.15698975
367,-66.16371731
368,-66.16398975
369,-66.15991559
370,-66.16882438
371,-66.15818548
372,-66.16335047
373,-66.16487704
374,-66.16255759
375,-66.16646123
376,-66.16873885
377,-66.15875363
378,-66.16681802
379,-66.16328719
380,-66.17206723
381,-66.16903251
382,-66.16330606
383,-66.16144433
384,-66.1697663
385,-66.16870351
386,-66.16328264
387,-66.16484306
388,-66.17398275
389,-66.16208533
390,-66.16810367
391,-66.16308594
392,-66.16499699
393,-66.16148762
394,-66.16852752
395,-66.16258139
396,-66.15870808
397,-66.16207175
398,-66.16747126
399,-66.16061815
400,-66.15420953
401,-66.16832783
402,-66.17222666
403,-66.16163965
404,-66.16943197
405,-66.16603242
406,-66.17191784
407,-66.16606058
408,-66.15813244
409,-66.16174662
410,-66.16595485
411,-66.15274181
412,-66.17477241
413,-66.16074832
414,-66.17024065
415,-66.16257674
416,-66.17032872
417,-66.15122106
418,-66.15513537
419,-66.15997971
420,-66.17315333
421,-66.16479531
422,-66.1684647
423,-66.1653494
424,-66.16719049
425,-66.15986303
426,-66.16442425
427,-66.16349084
428,-66.16013038
429,-66.16475534
430,-66.16789825
431,-66.15206935
432,-66.16374631
433,-66.15588523
434,-66.16668568
435,-66.16275672
436,-66.17602929
437,-66.16060969
438,-66.15827077
439,-66.16845644
440,-66.17419112
441,-66.16549645
442,-66.17009237
443,-66.17399734
444,-66.15791697
445,-66.16001818
446,-66.15974206
447,-66.16015874
448,-66.16467759
449,-66.16469017
450,-66.15956293
451,-66.16668471
452,-66.16609244
453,-66.1690396
454,-66.16592634
455,-66.15193582
456,-66.1682613
457,-66.16282653
458,-66.15850399
459,-66.16631632
460,-66.16275267
461,-66.16651037
462,-66.16020048
463,-66.16171184
464,-66.16537094
465,-66.15983949
466,-66.16876908
467,-66.16571337
468,-66.16356703
469,-66.16557812
470,-66.1556894
471,-66.16011796
472,-66.14645393
473,-66.1655019
474,-66.16292505
475,-66.16664881
476,-66.17173466
477,-66.16923203
478,-66.17392495
479,-66.15786038
480,-66.16651846
481,-66.16595513
482,-66.15592348
483,-66.16503295
484,-66.16115678
485,-66.17057044
486,-66.16176047
487,-66.17059573
488,-66.16232141
489,-66.15940934
490,-66.16426436
491,-66.16358756
492,-66.15225107
493,-66.16121169
494,-66.16904405
495,-66.17324965
496,-66.16557806
497,-66.16329718
498,-66.16773046
499,-66.16785938
