****************************************************************************************************
     Results at          0 MD step.
====================================================================================================
     Total energies (eV)
----------------------------------------------------------------------------------------------------
       -91.945851   -91.945851
       -91.945851   -91.945851
====================================================================================================
     Forces (eV ang.^-1)
----------------------------------------------------------------------------------------------------
         0.000000     0.000000
        -0.000000     0.000000
         0.000000    -0.000000
         0.000000     0.000000
         0.000000     0.000000
         0.000000     0.000000
         0.000000    -0.000000
         0.000000    -0.000000
         0.000000     0.000000
         0.000000    -0.000000
         0.000000     0.000000
         0.000000    -0.000000
         0.000000    -0.000000
         0.000000    -0.000000
         0.000000    -0.000000
         0.000000    -0.000000
         0.000000    -0.000000
         0.000000     0.000000
         0.000000     0.000000
         0.000000    -0.000000
         0.000000     0.000000
         0.000000     0.000000
         0.000000     0.000000
         0.000000    -0.000000
        -0.000000    -0.000000
         0.000000     0.000000
        -0.000000     0.000000
        -0.000000    -0.000000
        -0.000000     0.000000
        -0.000000    -0.000000
        -0.000000    -0.000000
        -0.000000    -0.000000
        -0.000000    -0.000000
        -0.000000     0.000000
        -0.000000     0.000000
        -0.000000     0.000000
        -0.000000    -0.000000
        -0.000000     0.000000
        -0.000000    -0.000000
        -0.000000     0.000000
        -0.000000    -0.000000
        -0.000000    -0.000000
        -0.000000    -0.000000
        -0.000000     0.000000
        -0.000000     0.000000
        -0.000000    -0.000000
        -0.000000     0.000000
        -0.000000    -0.000000
        -0.000000    -0.000000
        -0.000000     0.000000
        -0.000000     0.000000
         0.000000     0.000000
         0.000000    -0.000000
        -0.000000     0.000000
         0.000000    -0.000000
        -0.000000     0.000000
        -0.000000    -0.000000
         0.000000     0.000000
         0.000000     0.000000
        -0.000000    -0.000000
         0.000000    -0.000000
         0.000000    -0.000000
        -0.000000    -0.000000
         0.000000     0.000000
        -0.000000     0.000000
        -0.000000     0.000000
         0.000000    -0.000000
         0.000000    -0.000000
        -0.000000     0.000000
        -0.000000     0.000000
         0.000000    -0.000000
        -0.000000     0.000000
         0.000000    -0.000000
         0.000000    -0.000000
         0.000000     0.000000
        -0.000000    -0.000000
        -0.000000    -0.000000
         0.000000    -0.000000
        -0.000000    -0.000000
         0.000000     0.000000
         0.000000     0.000000
        -0.000000    -0.000000
        -0.000000     0.000000
         0.000000     0.000000
         0.000000    -0.000000
        -0.000000    -0.000000
         0.000000     0.000000
         0.000000     0.000000
         0.000000     0.000000
         0.000000    -0.000000
        -0.000000    -0.000000
        -0.000000    -0.000000
         0.000000    -0.000000
        -0.000000     0.000000
        -0.000000     0.000000
         0.000000     0.000000
====================================================================================================
     Stress (kbar)
----------------------------------------------------------------------------------------------------
         0.162684    -0.002452
         0.000000     0.000000
         0.000000    -0.000000
         0.162684    -0.002452
         0.000000    -0.000000
         0.162684    -0.002452
        -0.113669    -0.002452
         0.000000     0.000000
         0.000000    -0.000000
        -0.113669    -0.002452
        -0.000000    -0.000000
        -0.113669    -0.002452
